0.00000000000000 0.00000000000000
0.01000000000000 0.00000000000000
0.02000000000000 0.00000000000000
0.03000000000000 0.00000000000000
0.04000000000000 0.00000097706434
0.05000000000000 0.00005862386057
0.06000000000000 0.00071032577719
0.07000000000000 0.00324580774666
0.08000000000000 0.01524904319753
0.09000000000000 0.02667581068616
0.10000000000000 0.04373828530386
0.11000000000000 0.06257608583237
0.12000000000000 0.08254239567676
0.13000000000000 0.10258198534687
0.14000000000000 0.12591916717380
0.15000000000000 0.15112547308845
0.16000000000000 0.17958540326450
0.17000000000000 0.21074007689789
0.18000000000000 0.24233736067856
0.19000000000000 0.27234105251618
0.20000000000000 0.29828797320264
0.21000000000000 0.32067251729538
0.22000000000000 0.34369410733960
0.23000000000000 0.36599950922058
0.24000000000000 0.38601174108909
0.25000000000000 0.40574355549122
0.26000000000000 0.42526920931703
0.27000000000000 0.44403763827720
0.28000000000000 0.45548394705269
0.29000000000000 0.46260967730447
0.30000000000000 0.47154786191208
0.31000000000000 0.47563003673615
0.32000000000000 0.48029063365114
0.33000000000000 0.48650476287113
0.34000000000000 0.48848722642259
0.35000000000000 0.49070809367370
0.36000000000000 0.49211506632728
0.37000000000000 0.49523971809544
0.38000000000000 0.49499252081672
0.39000000000000 0.49563152089689
0.40000000000000 0.49320058481209
0.41000000000000 0.49141646532220
0.42000000000000 0.49013260277581
0.43000000000000 0.48803679976058
0.44000000000000 0.48561661138355
0.45000000000000 0.48311434960173
0.46000000000000 0.48011378500510
0.47000000000000 0.47657485795561
0.48000000000000 0.47478096782229
0.49000000000000 0.47030405900374
0.50000000000000 0.46674656773174
0.51000000000000 0.71109179563468
0.52000000000000 0.45300415775075
0.53000000000000 0.45162845115614
0.54000000000000 0.44786870756518
0.55000000000000 0.44449881264698
0.56000000000000 0.44122467003438
0.57000000000000 0.43656700431242
0.58000000000000 0.43374231129749
0.59000000000000 0.43058248521299
0.60000000000000 0.42757801235898
0.61000000000000 0.42358572745445
0.62000000000000 0.41941366271084
0.63000000000000 0.41667885961544
0.64000000000000 0.41340373993850
0.65000000000000 0.40891901460521
0.66000000000000 0.40624576656340
0.67000000000000 0.40385000479494
0.68000000000000 0.40143958706134
0.69000000000000 0.39795049029333
0.70000000000000 0.39414384761392
0.71000000000000 0.39140318213246
0.72000000000000 0.38740014952016
0.73000000000000 0.38529066760413
0.74000000000000 0.38148891024643
0.75000000000000 0.37897590075684
0.76000000000000 0.37586981321119
0.77000000000000 0.37287120274324
0.78000000000000 0.37060832172540
0.79000000000000 0.36723647267852
0.80000000000000 0.36471955493156
0.81000000000000 0.36183330686303
0.82000000000000 0.35963882034918
0.83000000000000 0.35658451721370
0.84000000000000 0.35428255362215
0.85000000000000 0.35140119087533
0.86000000000000 0.34875627769947
0.87000000000000 0.34574789658810
0.88000000000000 0.34386704772827
0.89000000000000 0.34117621252830
0.90000000000000 0.33815610664481
0.91000000000000 0.33596455132399
0.92000000000000 0.33339975742424
0.93000000000000 0.33237383986433
0.94000000000000 0.32963317438288
0.95000000000000 0.32716315572437
0.96000000000000 0.32470486183797
0.97000000000000 0.32237944870219
0.98000000000000 0.32016444383714
0.99000000000000 0.31791328759141
1.00000000000000 0.31486973216370
1.01000000000000 0.31440367247220
1.02000000000000 0.31246810800919
1.03000000000000 0.31030293342562
1.04000000000000 0.30820810747473
1.05000000000000 0.30644255220736
1.06000000000000 0.30348497844181
1.07000000000000 0.30248251042613
1.08000000000000 0.30017663857721
1.09000000000000 0.29969494585622
1.10000000000000 0.29669145006656
1.11000000000000 0.29547891321719
1.12000000000000 0.29603681695691
1.13000000000000 0.29098832549785
1.14000000000000 0.28920225187927
1.15000000000000 0.28725789383717
1.16000000000000 0.28269011803475
1.17000000000000 0.28407852646582
1.18000000000000 0.28118543894689
1.19000000000000 0.27935148917552
1.20000000000000 0.27845161291583
1.21000000000000 0.27658248882812
1.22000000000000 0.27542075932458
1.23000000000000 0.27280808927202
1.24000000000000 0.27108161657836
1.25000000000000 0.26851193735689
1.26000000000000 0.26791983636517
1.27000000000000 0.26592662510593
1.28000000000000 0.26406434046862
1.29000000000000 0.26291433573719
1.30000000000000 0.25941742245443
1.31000000000000 0.25804855531022
1.32000000000000 0.25757565616832
1.33000000000000 0.25621069728148
1.34000000000000 0.25396735755049
1.35000000000000 0.25236985735007
1.36000000000000 0.25102541681443
1.37000000000000 0.24894133857131
1.38000000000000 0.24744643012688
1.39000000000000 0.24568087485950
1.40000000000000 0.24480053988667
1.41000000000000 0.24338965897572
1.42000000000000 0.24137886055831
1.43000000000000 0.24121862200610
1.44000000000000 0.23844278220830
1.45000000000000 0.23763572706118
1.46000000000000 0.23691074531885
1.47000000000000 0.23471039641894
1.48000000000000 0.23378902474371
1.49000000000000 0.23208111627256
1.50000000000000 0.23126624461070
1.51000000000000 0.22893203789583
1.52000000000000 0.22761300103310
1.53000000000000 0.22563346867466
1.54000000000000 0.22499056033712
1.55000000000000 0.22392751433219
1.56000000000000 0.22236714257680
1.57000000000000 0.22177308745639
1.58000000000000 0.22058106895822
1.59000000000000 0.21814817874474
1.60000000000000 0.21654872441563
1.61000000000000 0.21705288961650
1.62000000000000 0.21609732068927
1.63000000000000 0.21474994896060
1.64000000000000 0.21280461385416
1.65000000000000 0.21168587518169
1.66000000000000 0.21069415487379
1.67000000000000 0.20946793912362
1.68000000000000 0.20743369116198
1.69000000000000 0.20650352590767
1.70000000000000 0.20486596606919
1.71000000000000 0.20577561297231
1.72000000000000 0.20325185577495
1.73000000000000 0.20280142911293
1.74000000000000 0.20073200683496
1.75000000000000 0.19969045624557
1.76000000000000 0.19877592402074
1.77000000000000 0.19823267624616
1.78000000000000 0.19623946498692
1.79000000000000 0.19472012993392
1.80000000000000 0.19451103816457
1.81000000000000 0.19346851051084
1.82000000000000 0.19223740943896
1.83000000000000 0.19184951489488
1.84000000000000 0.18979572564639
1.85000000000000 0.18967554673223
1.86000000000000 0.18835455574081
1.87000000000000 0.18672481241708
1.88000000000000 0.18559532603684
1.89000000000000 0.18473941767258
1.90000000000000 0.18467493142596
1.91000000000000 0.18289960551516
1.92000000000000 0.18207984853158
1.93000000000000 0.18092398141409
1.94000000000000 0.18014135287553
1.95000000000000 0.18001824276834
1.96000000000000 0.17834257742050
1.97000000000000 0.17715642130839
1.98000000000000 0.17693365063824
1.99000000000000 0.17558921010259
2.00000000000000 0.17685743961950
2.01000000000000 0.17185487018454
2.02000000000000 0.17489060909751
2.03000000000000 0.17119730588186
2.04000000000000 0.17284365929942
2.05000000000000 0.16849279178109
2.06000000000000 0.17147283802652
2.07000000000000 0.16707409435540
2.08000000000000 0.16753233753215
2.09000000000000 0.16666372733144
2.10000000000000 0.16522646568323
2.11000000000000 0.16434906190343
2.12000000000000 0.16423181418229
2.13000000000000 0.16321371313713
2.14000000000000 0.16310916725246
2.15000000000000 0.16222785521528
2.16000000000000 0.16101336423723
2.17000000000000 0.15965426773644
2.18000000000000 0.15899768049810
2.19000000000000 0.15818476296492
2.20000000000000 0.15764346931903
2.21000000000000 0.15693607473487
2.22000000000000 0.15687256555259
2.23000000000000 0.15489498732283
2.24000000000000 0.15484906529872
2.25000000000000 0.15533759747011
2.26000000000000 0.15255784941494
2.27000000000000 0.15492429925312
2.28000000000000 0.14988167018011
2.29000000000000 0.15234484938822
2.30000000000000 0.14818353235238
2.31000000000000 0.15091833544778
2.32000000000000 0.14752987630707
2.33000000000000 0.14864666085085
2.34000000000000 0.14729831205784
2.35000000000000 0.14657039912248
2.36000000000000 0.14599099996722
2.37000000000000 0.14522400445815
2.38000000000000 0.14450488510187
2.39000000000000 0.14369001344001
2.40000000000000 0.14343695377523
2.41000000000000 0.14245011878904
2.42000000000000 0.14200066919137
2.43000000000000 0.14102262778426
2.44000000000000 0.14063766443321
2.45000000000000 0.13919551746329
2.46000000000000 0.13941340281173
2.47000000000000 0.13870209997019
2.48000000000000 0.13795953106969
2.49000000000000 0.13743582458197
2.50000000000000 0.13843340727593
2.51000000000000 0.13459549853755
2.52000000000000 0.13723454932736
2.53000000000000 0.13335658095093
2.54000000000000 0.13547094818867
2.55000000000000 0.13256027351158
2.56000000000000 0.13299213595108
2.57000000000000 0.13194863123300
2.58000000000000 0.13097352101893
2.59000000000000 0.13073120906192
2.60000000000000 0.13058758060353
2.61000000000000 0.13005703466541
2.62000000000000 0.12975903004087
2.63000000000000 0.12944539238684
2.64000000000000 0.12774334630175
2.65000000000000 0.12790456191830
2.66000000000000 0.12687180490800
2.67000000000000 0.12676237370161
2.68000000000000 0.12566903870206
2.69000000000000 0.12504860284440
2.70000000000000 0.12484244226808
2.71000000000000 0.12440667157120
2.72000000000000 0.12305246039213
2.73000000000000 0.12415165777774
2.74000000000000 0.12266749704108
2.75000000000000 0.12239098783208
2.76000000000000 0.12178618500391
2.77000000000000 0.12127615741699
2.78000000000000 0.12021604260509
2.79000000000000 0.11994734991083
2.80000000000000 0.11906017548760
2.81000000000000 0.11898689566189
2.82000000000000 0.11806063866495
2.83000000000000 0.11793166617170
2.84000000000000 0.11723111103794
2.85000000000000 0.11613582190970
2.86000000000000 0.11629019807586
2.87000000000000 0.11561504661501
2.88000000000000 0.11543331264725
2.89000000000000 0.11520174839802
2.90000000000000 0.11357005094560
2.91000000000000 0.11359936287588
2.92000000000000 0.11286363342578
2.93000000000000 0.11198232138861
2.94000000000000 0.11273466093254
2.95000000000000 0.11147620205906
2.96000000000000 0.11168822502144
2.97000000000000 0.11042488082624
2.98000000000000 0.11019820189872
2.99000000000000 0.10972139449945
3.00000000000000 0.10951425685878
3.01000000000000 0.10908727974100
3.02000000000000 0.10843166956700
3.03000000000000 0.10828608697993
3.04000000000000 0.10698463727537
3.05000000000000 0.10670617393768
3.06000000000000 0.10623718305315
3.07000000000000 0.10643161885736
3.08000000000000 0.10550731598911
3.09000000000000 0.10536466459506
3.10000000000000 0.10514189392491
3.11000000000000 0.10500510491692
3.12000000000000 0.10406614608353
3.13000000000000 0.10407493966261
3.14000000000000 0.10369779282631
3.15000000000000 0.10274222389908
3.16000000000000 0.10189608617825
3.17000000000000 0.10130887050825
3.18000000000000 0.10070699887310
3.19000000000000 0.10102356772016
3.20000000000000 0.10115058608472
3.21000000000000 0.09998104006643
3.22000000000000 0.10019990247921
3.23000000000000 0.09978758132656
3.24000000000000 0.09953745285481
3.25000000000000 0.09865223256027
3.26000000000000 0.09797805816376
3.27000000000000 0.09807674166238
3.28000000000000 0.09747975534895
3.29000000000000 0.09698829198454
3.30000000000000 0.09648021852630
3.31000000000000 0.09624865427707
3.32000000000000 0.09575914504134
3.33000000000000 0.09522859910322
3.34000000000000 0.09534291563132
3.35000000000000 0.09443229166387
3.36000000000000 0.09384312186518
3.37000000000000 0.09409911272299
3.38000000000000 0.09345913557847
3.39000000000000 0.09270386484152
3.40000000000000 0.09315429150353
3.41000000000000 0.09257586941261
3.42000000000000 0.09220556202671
3.43000000000000 0.09235798406418
3.44000000000000 0.09182255280434
3.45000000000000 0.09130861696005
3.46000000000000 0.09042241960116
3.47000000000000 0.09082692423907
3.48000000000000 0.09004331863617
3.49000000000000 0.08993974981584
3.50000000000000 0.08959680023153
3.51000000000000 0.08937891488309
3.52000000000000 0.08865979552681
3.53000000000000 0.08765635044679
3.54000000000000 0.08790452478986
3.55000000000000 0.08732512563460
3.56000000000000 0.08791331836894
3.57000000000000 0.08664215765900
3.58000000000000 0.08693918521921
3.59000000000000 0.08664508885203
3.60000000000000 0.08511500609126
3.61000000000000 0.08569831350389
3.62000000000000 0.08504074920121
3.63000000000000 0.08510328131915
3.64000000000000 0.08412621697639
3.65000000000000 0.08463917575634
3.66000000000000 0.08358687745918
3.67000000000000 0.08373832243231
3.68000000000000 0.08302213426906
3.69000000000000 0.08292051957741
3.70000000000000 0.08264987275447
3.71000000000000 0.08337290036811
3.72000000000000 0.08219944609245
3.73000000000000 0.08190730385397
3.74000000000000 0.08140900103916
3.75000000000000 0.08117841385426
3.76000000000000 0.08128295973894
3.77000000000000 0.08089506519486
3.78000000000000 0.08081592298310
3.79000000000000 0.08008117059734
3.80000000000000 0.07970109256800
3.81000000000000 0.07925945948507
3.82000000000000 0.07899760624121
3.83000000000000 0.07879926217963
3.84000000000000 0.07902984936452
3.85000000000000 0.07823549605386
3.86000000000000 0.07769029415059
3.87000000000000 0.07723889042424
3.88000000000000 0.07723693629555
3.89000000000000 0.07659598208670
3.90000000000000 0.07691743625547
3.91000000000000 0.07590617466071
3.92000000000000 0.07583094070631
3.93000000000000 0.07564920673856
3.94000000000000 0.07521636723471
3.95000000000000 0.07535315624270
3.96000000000000 0.07526326632317
3.97000000000000 0.07449529374975
3.98000000000000 0.07471513322688
3.99000000000000 0.07455489467466
4.00000000000000 0.07398624322717
4.01000000000000 0.07457834421889
4.02000000000000 0.07218258245043
4.03000000000000 0.07335896791912
4.04000000000000 0.07302872017126
4.05000000000000 0.07330913763764
4.06000000000000 0.07177612368384
4.07000000000000 0.07222752741020
4.08000000000000 0.07179664203504
4.09000000000000 0.07217183474266
4.10000000000000 0.07103648597637
4.11000000000000 0.07121431168675
4.12000000000000 0.07121040342938
4.13000000000000 0.07124069242400
4.14000000000000 0.06949272431480
4.15000000000000 0.06958261423433
4.16000000000000 0.06959824726382
4.17000000000000 0.06937156833630
4.18000000000000 0.06926213712991
4.19000000000000 0.06912534812192
4.20000000000000 0.06878239853761
4.21000000000000 0.06881952698263
4.22000000000000 0.06802419660762
4.23000000000000 0.06814339845744
4.24000000000000 0.06822254066920
4.25000000000000 0.06744968277408
4.26000000000000 0.06789717824306
4.27000000000000 0.06630065510699
4.28000000000000 0.06726404054895
4.29000000000000 0.06657130192993
4.30000000000000 0.06659963679587
4.31000000000000 0.06583752660852
4.32000000000000 0.06583948073720
4.33000000000000 0.06534313205108
4.34000000000000 0.06590396698382
4.35000000000000 0.06452435213184
4.36000000000000 0.06507639348550
4.37000000000000 0.06478620537570
4.38000000000000 0.06547503573735
4.39000000000000 0.06359320981318
4.40000000000000 0.06425468237324
4.41000000000000 0.06346912264165
4.42000000000000 0.06380914103294
4.43000000000000 0.06335285198486
4.44000000000000 0.06317209508145
4.45000000000000 0.06301967304398
4.46000000000000 0.06298840698501
4.47000000000000 0.06267770052401
4.48000000000000 0.06230641607376
4.49000000000000 0.06187162244123
4.50000000000000 0.06182570041712
4.51000000000000 0.06221261789686
4.52000000000000 0.06113003060507
4.53000000000000 0.06140947100711
4.54000000000000 0.06119060859433
4.55000000000000 0.06143682880870
4.56000000000000 0.05999175064575
4.57000000000000 0.06081150762933
4.58000000000000 0.06033665435875
4.59000000000000 0.06070109935860
4.60000000000000 0.05929608083371
4.61000000000000 0.05958626894351
4.62000000000000 0.05932246157096
4.63000000000000 0.05999468183878
4.64000000000000 0.05876064957387
4.65000000000000 0.05914854411795
4.66000000000000 0.05856132844795
4.67000000000000 0.05835907612899
4.68000000000000 0.05863167708063
4.69000000000000 0.05807475040525
4.70000000000000 0.05807377334091
4.71000000000000 0.05793014488252
4.72000000000000 0.05729603012407
4.73000000000000 0.05679186492320
4.74000000000000 0.05706251174615
4.75000000000000 0.05719636956110
4.76000000000000 0.05734879159858
4.77000000000000 0.05591055288603
4.78000000000000 0.05674203464172
4.79000000000000 0.05632189697433
4.80000000000000 0.05636000248370
4.81000000000000 0.05511619957536
4.82000000000000 0.05590371343563
4.83000000000000 0.05574347488341
4.84000000000000 0.05639810799307
4.85000000000000 0.05421827744436
4.86000000000000 0.05499015827514
4.87000000000000 0.05489342890521
4.88000000000000 0.05504291974965
4.89000000000000 0.05404631412003
4.90000000000000 0.05429058020572
4.91000000000000 0.05393492878496
4.92000000000000 0.05384015354371
4.93000000000000 0.05376101133194
4.94000000000000 0.05336041495141
4.95000000000000 0.05306534151989
4.96000000000000 0.05310637822229
4.97000000000000 0.05257485521983
4.98000000000000 0.05282302956289
4.99000000000000 0.05276049744495
5.00000000000000 0.05254652035389
5.01000000000000 0.05305361674778
5.02000000000000 0.05180102026036
5.03000000000000 0.05172285511294
5.04000000000000 0.05204430928171
5.05000000000000 0.05186452944264
5.06000000000000 0.05074481370583
5.07000000000000 0.05168084134620
5.08000000000000 0.05133984589057
5.09000000000000 0.05169158905397
5.10000000000000 0.05025628153445
5.11000000000000 0.05094315776741
5.12000000000000 0.05017811638703
5.13000000000000 0.05030318062290
5.14000000000000 0.05022599253982
5.15000000000000 0.04966808880010
5.16000000000000 0.05003448792864
5.17000000000000 0.04964268512719
5.18000000000000 0.04947463006023
5.19000000000000 0.04933100160185
5.20000000000000 0.04909357496656
5.21000000000000 0.04896460247331
5.22000000000000 0.04879459327767
5.23000000000000 0.04909259790221
5.24000000000000 0.04849756571747
5.25000000000000 0.04876235015436
5.26000000000000 0.04800317116003
5.27000000000000 0.04817220329133
5.28000000000000 0.04784684086519
5.29000000000000 0.04797874455146
5.30000000000000 0.04749607476614
5.31000000000000 0.04683948752780
5.32000000000000 0.04721565729976
5.33000000000000 0.04693621689773
5.34000000000000 0.04700656553041
5.35000000000000 0.04716778114697
5.36000000000000 0.04701829030252
5.37000000000000 0.04657665721959
5.38000000000000 0.04640567095961
5.39000000000000 0.04603536357370
5.40000000000000 0.04628060672374
5.41000000000000 0.04618094616077
5.42000000000000 0.04572758830573
5.43000000000000 0.04619267093289
5.44000000000000 0.04590443695177
5.45000000000000 0.04572368004836
5.46000000000000 0.04549895524952
5.47000000000000 0.04538659285011
5.48000000000000 0.04504168913711
5.49000000000000 0.04509542767596
5.50000000000000 0.04467822120160
5.51000000000000 0.04443297805157
5.52000000000000 0.04448085420436
5.53000000000000 0.04422974866827
5.54000000000000 0.04434601932506
5.55000000000000 0.04415451471388
5.56000000000000 0.04413595049137
5.57000000000000 0.04369236327975
5.58000000000000 0.04354482656400
5.59000000000000 0.04331326231476
5.60000000000000 0.04330349167133
5.61000000000000 0.04325561551854
5.62000000000000 0.04325854671157
5.63000000000000 0.04285599620235
5.64000000000000 0.04323900542471
5.65000000000000 0.04285208794498
5.66000000000000 0.04260098240888
5.67000000000000 0.04221015667178
5.68000000000000 0.04252965671186
5.69000000000000 0.04225900988892
5.70000000000000 0.04228929888354
5.71000000000000 0.04191996856198
5.72000000000000 0.04162587219481
5.73000000000000 0.04163466577389
5.74000000000000 0.04131809692683
5.75000000000000 0.04161219329401
5.76000000000000 0.04118228498319
5.77000000000000 0.04120573452742
5.78000000000000 0.04115004185988
5.79000000000000 0.04066541794587
5.80000000000000 0.04073381244986
5.81000000000000 0.04076214731580
5.82000000000000 0.04022867018465
5.83000000000000 0.04042212892452
5.84000000000000 0.04049736287891
5.85000000000000 0.04006354631072
5.86000000000000 0.04025309679322
5.87000000000000 0.03963656919294
5.88000000000000 0.03997854171290
5.89000000000000 0.03945972054690
5.90000000000000 0.03987790408560
5.91000000000000 0.03932683979628
5.92000000000000 0.03909722967573
5.93000000000000 0.03942943155227
5.94000000000000 0.03868393145874
5.95000000000000 0.03896044066774
5.96000000000000 0.03883146817450
5.97000000000000 0.03843184885831
5.98000000000000 0.03841816995751
5.99000000000000 0.03839569747763
6.00000000000000 0.03859013328184
6.01000000000000 0.03807424330886
6.02000000000000 0.03788176163333
6.03000000000000 0.03787492218293
6.04000000000000 0.03772738546717
6.05000000000000 0.03763749554764
6.06000000000000 0.03786808273253
6.07000000000000 0.03769318821518
6.08000000000000 0.03748702763885
6.09000000000000 0.03725253219659
6.10000000000000 0.03715677989100
6.11000000000000 0.03714505511889
6.12000000000000 0.03688613306805
6.13000000000000 0.03669755964990
6.14000000000000 0.03689785784017
6.15000000000000 0.03665261469013
6.16000000000000 0.03668876607082
6.17000000000000 0.03633409171439
6.18000000000000 0.03616505958309
6.19000000000000 0.03597550910060
6.20000000000000 0.03585142192907
6.21000000000000 0.03629696326937
6.22000000000000 0.03595694487808
6.23000000000000 0.03556514207664
6.24000000000000 0.03569313750554
6.25000000000000 0.03556221088361
6.26000000000000 0.03504045852457
6.27000000000000 0.03550651821607
6.28000000000000 0.03502971081680
6.29000000000000 0.03506390806880
6.30000000000000 0.03529351818935
6.31000000000000 0.03502971081680
6.32000000000000 0.03483429794825
6.33000000000000 0.03460468782770
6.34000000000000 0.03468285297512
6.35000000000000 0.03455778873925
6.36000000000000 0.03439168780098
6.37000000000000 0.03413862813620
6.38000000000000 0.03422265566968
6.39000000000000 0.03408782079038
6.40000000000000 0.03377027487898
6.41000000000000 0.03394810058936
6.42000000000000 0.03373314643395
6.43000000000000 0.03322311884703
6.44000000000000 0.03347617851180
6.45000000000000 0.03350646750643
6.46000000000000 0.03383671525429
6.47000000000000 0.03301207294899
6.48000000000000 0.03305799497310
6.49000000000000 0.03294172431631
6.50000000000000 0.03244830682322
6.51000000000000 0.03285769678283
6.52000000000000 0.03314690782829
6.53000000000000 0.03241606369991
6.54000000000000 0.03219720128713
6.55000000000000 0.03259193528160
6.56000000000000 0.03222065083135
6.57000000000000 0.03243755911545
6.58000000000000 0.03207409117994
6.59000000000000 0.03220013248015
6.60000000000000 0.03178390307014
6.61000000000000 0.03170085260100
6.62000000000000 0.03196759116658
6.63000000000000 0.03161877919621
6.64000000000000 0.03148492138125
6.65000000000000 0.03151130211851
6.66000000000000 0.03124944887464
6.67000000000000 0.03146049477268
6.68000000000000 0.03128853144835
6.69000000000000 0.03088891213216
6.70000000000000 0.03126801309716
6.71000000000000 0.03086643965228
6.72000000000000 0.03063292127436
6.73000000000000 0.03066321026899
6.74000000000000 0.03030560471953
6.75000000000000 0.03046779740043
6.76000000000000 0.03037204509484
6.77000000000000 0.03012777900915
6.78000000000000 0.03044630198489
6.79000000000000 0.03017467809760
6.80000000000000 0.03000564596630
6.81000000000000 0.02989523769557
6.82000000000000 0.02973499914336
6.83000000000000 0.02980241658301
6.84000000000000 0.02954447159652
6.85000000000000 0.02926796238752
6.86000000000000 0.02930313670386
6.87000000000000 0.02924646697198
6.88000000000000 0.02957476059115
6.89000000000000 0.02921226971998
6.90000000000000 0.02913410457256
6.91000000000000 0.02900708620800
6.92000000000000 0.02895041647612
6.93000000000000 0.02901099446537
6.94000000000000 0.02868465497489
6.95000000000000 0.02844625127525
6.96000000000000 0.02856154486770
6.97000000000000 0.02867879258883
6.98000000000000 0.02823715950590
6.99000000000000 0.02813359068557
7.00000000000000 0.02825376959973
7.01000000000000 0.02818439803139
7.02000000000000 0.02781702183851
7.03000000000000 0.02809450811186
7.04000000000000 0.02782386128891
7.05000000000000 0.02782483835325
7.06000000000000 0.02800461819232
7.07000000000000 0.02776523742835
7.08000000000000 0.02748775115500
7.09000000000000 0.02754442088688
7.10000000000000 0.02740274655718
7.11000000000000 0.02719951717388
7.12000000000000 0.02736854930518
7.13000000000000 0.02728354470736
7.14000000000000 0.02705100339378
7.15000000000000 0.02687317768340
7.16000000000000 0.02658982902400
7.17000000000000 0.02681064556546
7.18000000000000 0.02664552169154
7.19000000000000 0.02683800336706
7.20000000000000 0.02646183359510
7.21000000000000 0.02660350792480
7.22000000000000 0.02616969135661
7.23000000000000 0.02619216383649
7.24000000000000 0.02623222347455
7.25000000000000 0.02605732895719
7.26000000000000 0.02598502619583
7.27000000000000 0.02586289315298
7.28000000000000 0.02586093902430
7.29000000000000 0.02576127846133
7.30000000000000 0.02547695273759
7.31000000000000 0.02543787016388
7.32000000000000 0.02550919586090
7.33000000000000 0.02559713165175
7.34000000000000 0.02541051236228
7.35000000000000 0.02531671418538
7.36000000000000 0.02500796185306
7.37000000000000 0.02503434259032
7.38000000000000 0.02502261781820
7.39000000000000 0.02497376460107
7.40000000000000 0.02479007650463
7.41000000000000 0.02479007650463
7.42000000000000 0.02471093429286
7.43000000000000 0.02417550303303
7.44000000000000 0.02447741591494
7.45000000000000 0.02440315902489
7.46000000000000 0.02462886088807
7.47000000000000 0.02457512234922
7.48000000000000 0.02420188377028
7.49000000000000 0.02421653973542
7.50000000000000 0.02408561311349
7.51000000000000 0.02401526448081
7.52000000000000 0.02358437910565
7.53000000000000 0.02381496629055
7.54000000000000 0.02381887454792
7.55000000000000 0.02379347087501
7.56000000000000 0.02357558552657
7.57000000000000 0.02296101205497
7.58000000000000 0.02367426902519
7.59000000000000 0.02327758090203
7.60000000000000 0.02321700291278
7.61000000000000 0.02334304421299
7.62000000000000 0.02317401208169
7.63000000000000 0.02307630564742
7.64000000000000 0.02302354417291
7.65000000000000 0.02278416340893
7.66000000000000 0.02294537902549
7.67000000000000 0.02257507163958
7.68000000000000 0.02272847074139
7.69000000000000 0.02257116338221
7.70000000000000 0.02233764500429
7.71000000000000 0.02232592023217
7.72000000000000 0.02183445686776
7.73000000000000 0.02199469541998
7.74000000000000 0.02223016792658
7.75000000000000 0.02215004865048
7.76000000000000 0.02207286056740
7.77000000000000 0.02208067708214
7.78000000000000 0.02166347060778
7.79000000000000 0.02171525501795
7.80000000000000 0.02151104857031
7.81000000000000 0.02156381004482
7.82000000000000 0.02149541554082
7.83000000000000 0.02151495682768
7.84000000000000 0.02152472747111
7.85000000000000 0.02133419992427
7.86000000000000 0.02136058066152
7.87000000000000 0.02122183752485
7.88000000000000 0.02117884669377
7.89000000000000 0.02094337418716
7.90000000000000 0.02079192921403
7.91000000000000 0.02091503932122
7.92000000000000 0.02075870902638
7.93000000000000 0.02096389253836
7.94000000000000 0.02056818147954
7.95000000000000 0.02051639706937
7.96000000000000 0.02042650714984
7.97000000000000 0.02038644751179
7.98000000000000 0.02033954842333
7.99000000000000 0.02013729610438
8.00000000000000 0.02016465390598
8.01000000000000 0.02031023649305
8.02000000000000 0.02030339704265
8.03000000000000 0.01987446579618
8.04000000000000 0.01972595201608
8.05000000000000 0.01966146576945
8.06000000000000 0.01983342909378
8.07000000000000 0.01960381897323
8.08000000000000 0.01972204375871
8.09000000000000 0.01970250247185
8.10000000000000 0.01949243363816
8.11000000000000 0.01925891526024
8.12000000000000 0.01887199778050
8.13000000000000 0.01926380058195
8.14000000000000 0.01902637394666
8.15000000000000 0.01915827763293
8.16000000000000 0.01883780052850
8.17000000000000 0.01870589684223
8.18000000000000 0.01864043353127
8.19000000000000 0.01894820879924
8.20000000000000 0.01846749314260
8.21000000000000 0.01853784177528
8.22000000000000 0.01869124087709
8.23000000000000 0.01831897936250
8.24000000000000 0.01796137381304
8.25000000000000 0.01837955735175
8.26000000000000 0.01830139220433
8.27000000000000 0.01823495182902
8.28000000000000 0.01776596094449
8.29000000000000 0.01784314902757
8.30000000000000 0.01787050682917
8.31000000000000 0.01760963064965
8.32000000000000 0.01781188296860
8.33000000000000 0.01739272236555
8.34000000000000 0.01760376826359
8.35000000000000 0.01744450677572
8.36000000000000 0.01745232329046
8.37000000000000 0.01698626359896
8.38000000000000 0.01706442874639
8.39000000000000 0.01732237373288
8.40000000000000 0.01717874527449
8.41000000000000 0.01696574524777
8.42000000000000 0.01700580488582
8.43000000000000 0.01683579569018
8.44000000000000 0.01695304341131
8.45000000000000 0.01663549749991
8.46000000000000 0.01660227731226
8.47000000000000 0.01645864885387
8.48000000000000 0.01670780026128
8.49000000000000 0.01633944700405
8.50000000000000 0.01613914881379
8.51000000000000 0.01640588737936
8.52000000000000 0.01623294699069
8.53000000000000 0.01603069467174
8.54000000000000 0.01594862126695
8.55000000000000 0.01559492397487
8.56000000000000 0.01582062583805
8.57000000000000 0.01591051575758
8.58000000000000 0.01570533224560
8.59000000000000 0.01532232302324
8.60000000000000 0.01558417626710
8.61000000000000 0.01551578176310
8.62000000000000 0.01526663035570
8.63000000000000 0.01517674043616
8.64000000000000 0.01525197439056
8.65000000000000 0.01526956154873
8.66000000000000 0.01502822665606
8.67000000000000 0.01467257523530
8.68000000000000 0.01480447892157
8.69000000000000 0.01486603397517
8.70000000000000 0.01458170825142
8.71000000000000 0.01454360274205
8.72000000000000 0.01471165780901
8.73000000000000 0.01452699264823
8.74000000000000 0.01445468988686
8.75000000000000 0.01420358435077
8.76000000000000 0.01401403386827
8.77000000000000 0.01413128158941
8.78000000000000 0.01421237792986
8.79000000000000 0.01378930906944
8.80000000000000 0.01387529073160
8.81000000000000 0.01364079528934
8.82000000000000 0.01353234114729
8.83000000000000 0.01361246042340
8.84000000000000 0.01356458427060
8.85000000000000 0.01356849252797
8.86000000000000 0.01342290994090
8.87000000000000 0.01334083653611
8.88000000000000 0.01324996955223
8.89000000000000 0.01305748787671
8.90000000000000 0.01299788695180
8.91000000000000 0.01312979063807
8.92000000000000 0.01287282271593
8.93000000000000 0.01304674016894
8.94000000000000 0.01300277227351
8.95000000000000 0.01261194653641
8.96000000000000 0.01266763920394
8.97000000000000 0.01244291440511
8.98000000000000 0.01261683185812
8.99000000000000 0.01216054281005
9.00000000000000 0.01237061164374
9.01000000000000 0.01225531805130
9.02000000000000 0.01225824924433
9.03000000000000 0.01187524002196
9.04000000000000 0.01183615744825
9.05000000000000 0.01181173083968
9.06000000000000 0.01171207027672
9.07000000000000 0.01151763447251
9.08000000000000 0.01177948771637
9.09000000000000 0.01150688676474
9.10000000000000 0.01163292806496
9.11000000000000 0.01149907025000
9.12000000000000 0.01109651974078
9.13000000000000 0.01118250140294
9.14000000000000 0.01102030872204
9.15000000000000 0.01104668945930
9.16000000000000 0.01090892338697
9.17000000000000 0.01093334999554
9.18000000000000 0.01087081787760
9.19000000000000 0.01089524448617
9.20000000000000 0.01040964350782
9.21000000000000 0.01054057012975
9.22000000000000 0.01020934531755
9.23000000000000 0.01027090037114
9.24000000000000 0.01027383156417
9.25000000000000 0.01012238659104
9.26000000000000 0.01015756090738
9.27000000000000 0.01006180860179
9.28000000000000 0.00986639573324
9.29000000000000 0.00963190029097
9.30000000000000 0.00981851958044
9.31000000000000 0.00956741404435
9.32000000000000 0.00960649661806
9.33000000000000 0.00927820299889
9.34000000000000 0.00951953789156
9.35000000000000 0.00923716629650
9.36000000000000 0.00923423510347
9.37000000000000 0.00898410663172
9.38000000000000 0.00898117543869
9.39000000000000 0.00897922131001
9.40000000000000 0.00893134515721
9.41000000000000 0.00865874420558
9.42000000000000 0.00858839557290
9.43000000000000 0.00849068913863
9.44000000000000 0.00852977171234
9.45000000000000 0.00823860653819
9.46000000000000 0.00818095974197
9.47000000000000 0.00817216616288
9.48000000000000 0.00797577622999
9.49000000000000 0.00803830834793
9.50000000000000 0.00789663401822
9.51000000000000 0.00761719361619
9.52000000000000 0.00765823031859
9.53000000000000 0.00761328535882
9.54000000000000 0.00735436330799
9.55000000000000 0.00728010641794
9.56000000000000 0.00724004677989
9.57000000000000 0.00711400547967
9.58000000000000 0.00713256970218
9.59000000000000 0.00688341829478
9.60000000000000 0.00681795498381
9.61000000000000 0.00681893204816
9.62000000000000 0.00654633109652
9.63000000000000 0.00648673017162
9.64000000000000 0.00651701916624
9.65000000000000 0.00636068887140
9.66000000000000 0.00627959253095
9.67000000000000 0.00625712005107
9.68000000000000 0.00604314296000
9.69000000000000 0.00601480809406
9.70000000000000 0.00570898695477
9.71000000000000 0.00575784017191
9.72000000000000 0.00544811077526
9.73000000000000 0.00543931719617
9.74000000000000 0.00532304653938
9.75000000000000 0.00523315661985
9.76000000000000 0.00516964743757
9.77000000000000 0.00499182172718
9.78000000000000 0.00486773455565
9.79000000000000 0.00479934005166
9.80000000000000 0.00463910149945
9.81000000000000 0.00443880330918
9.82000000000000 0.00436063816176
9.83000000000000 0.00429419778645
9.84000000000000 0.00424436750497
9.85000000000000 0.00399228490454
9.86000000000000 0.00399521609756
9.87000000000000 0.00366203715668
9.88000000000000 0.00354869769292
9.89000000000000 0.00346369309510
9.90000000000000 0.00339432152676
9.91000000000000 0.00317839030701
9.92000000000000 0.00295366550818
9.93000000000000 0.00276118383265
9.94000000000000 0.00253939022685
9.95000000000000 0.00240944066926
9.96000000000000 0.00208407824312
9.97000000000000 0.00181733967754
9.98000000000000 0.00134932585736
9.99000000000000 0.00069566981205
10.00000000000000 0.00000000000000
