0.00000000000000 0.00000000000000
0.01000000000000 0.00000000000000
0.02000000000000 0.00000000000000
0.03000000000000 0.00000000000000
0.04000000000000 0.00000000000000
0.05000000000000 0.00014925912744
0.06000000000000 0.00100335302338
0.07000000000000 0.00514114772309
0.08000000000000 0.02049825350237
0.09000000000000 0.04276274001282
0.10000000000000 0.06974547338527
0.11000000000000 0.09716769196631
0.12000000000000 0.12188666190585
0.13000000000000 0.14818114485731
0.14000000000000 0.18415259457141
0.15000000000000 0.23261205794836
0.16000000000000 0.28638680469709
0.17000000000000 0.35081699471059
0.18000000000000 0.41624224557372
0.19000000000000 0.48216502686167
0.20000000000000 0.53925664310915
0.21000000000000 0.59249239856433
0.22000000000000 0.64092698542004
0.23000000000000 0.68144254634745
0.24000000000000 0.73178433316495
0.25000000000000 0.77761517746413
0.26000000000000 0.81093313157922
0.27000000000000 0.84680507520836
0.28000000000000 0.86732820523196
0.29000000000000 0.87475799290920
0.30000000000000 0.89058775259205
0.31000000000000 0.89466750207553
0.32000000000000 0.90422837840572
0.33000000000000 0.90708917834840
0.34000000000000 0.91009094524479
0.35000000000000 0.91325855561611
0.36000000000000 0.90771938355317
0.37000000000000 0.90457664970309
0.38000000000000 0.90770279920568
0.39000000000000 0.89508211076288
0.40000000000000 0.88712991613959
0.41000000000000 0.87717930764329
0.42000000000000 0.87515601724905
0.43000000000000 0.86129979491796
0.44000000000000 0.85352173594336
0.45000000000000 0.84357112744706
0.46000000000000 0.83162210507776
0.47000000000000 0.82305628959720
0.48000000000000 0.80988002551336
0.49000000000000 0.80367747955067
0.50000000000000 0.79116458936658
0.51000000000000 0.91457701124187
0.52000000000000 0.77021855848188
0.53000000000000 0.76152836039512
0.54000000000000 0.75525118486871
0.55000000000000 0.74142813123261
0.56000000000000 0.73137801665135
0.57000000000000 0.72231467074597
0.58000000000000 0.71105389879767
0.59000000000000 0.70370703285790
0.60000000000000 0.69259552003704
0.61000000000000 0.68563838626338
0.62000000000000 0.67860662292600
0.63000000000000 0.66760290836385
0.64000000000000 0.66066235893769
0.65000000000000 0.64813288440610
0.66000000000000 0.64444286708873
0.67000000000000 0.63469127076236
0.68000000000000 0.62544549703455
0.69000000000000 0.61764256153871
0.70000000000000 0.61049470776887
0.71000000000000 0.60117430447734
0.72000000000000 0.59344599854522
0.73000000000000 0.58349539004893
0.74000000000000 0.57740893451869
0.75000000000000 0.57186976245576
0.76000000000000 0.56120602701723
0.77000000000000 0.55565856278054
0.78000000000000 0.55429035411230
0.79000000000000 0.54126334915591
0.80000000000000 0.53966295962275
0.81000000000000 0.53162784326200
0.82000000000000 0.52690959640000
0.83000000000000 0.51855108526312
0.84000000000000 0.51409818796102
0.85000000000000 0.50819416025322
0.86000000000000 0.50063998996979
0.87000000000000 0.49558176398417
0.88000000000000 0.49088010146967
0.89000000000000 0.48437074507835
0.90000000000000 0.47616978524265
0.91000000000000 0.47446159745079
0.92000000000000 0.46820929844562
0.93000000000000 0.46429539243707
0.94000000000000 0.45875622037414
0.95000000000000 0.45190688485919
0.96000000000000 0.44314205720870
0.97000000000000 0.44300109025500
0.98000000000000 0.43806724687559
0.99000000000000 0.43605224865509
1.00000000000000 0.42602701059508
1.01000000000000 0.42545485060654
1.02000000000000 0.42015615158226
1.03000000000000 0.41547936558900
1.04000000000000 0.41324047867734
1.05000000000000 0.40832321964542
1.06000000000000 0.40222017976769
1.07000000000000 0.39921012069756
1.08000000000000 0.39412701819071
1.09000000000000 0.38931755741750
1.10000000000000 0.38537048271397
1.11000000000000 0.38034542542334
1.12000000000000 0.38274186363620
1.13000000000000 0.37600032637996
1.14000000000000 0.37200349863395
1.15000000000000 0.36428348487557
1.16000000000000 0.35799801717541
1.17000000000000 0.35849554760023
1.18000000000000 0.35488015984657
1.19000000000000 0.34925806604617
1.20000000000000 0.35023654254830
1.21000000000000 0.34501247308775
1.22000000000000 0.34200241401762
1.23000000000000 0.33808850800908
1.24000000000000 0.33596571152987
1.25000000000000 0.33458921068788
1.26000000000000 0.32887590297626
1.27000000000000 0.32556732565124
1.28000000000000 0.32322064048087
1.29000000000000 0.31966329794344
1.30000000000000 0.31965500576969
1.31000000000000 0.31195157635881
1.32000000000000 0.30833618860516
1.33000000000000 0.30532612953503
1.34000000000000 0.30137905483150
1.35000000000000 0.30132930178902
1.36000000000000 0.29678519057571
1.37000000000000 0.29346832107695
1.38000000000000 0.29191768458628
1.39000000000000 0.28967879767461
1.40000000000000 0.28517614733004
1.41000000000000 0.28169343435633
1.42000000000000 0.28100518393534
1.43000000000000 0.27579769882228
1.44000000000000 0.27437144493781
1.45000000000000 0.27299494409582
1.46000000000000 0.27249741367101
1.47000000000000 0.26599634945343
1.48000000000000 0.26418865557660
1.49000000000000 0.26381550775799
1.50000000000000 0.25980209566449
1.51000000000000 0.26000110783441
1.52000000000000 0.25568917748602
1.53000000000000 0.25366588709177
1.54000000000000 0.25281179319584
1.55000000000000 0.24757113938779
1.56000000000000 0.24778673590521
1.57000000000000 0.24371527859548
1.58000000000000 0.24206513601984
1.59000000000000 0.24145151516257
1.60000000000000 0.23956919172202
1.61000000000000 0.23312617272067
1.62000000000000 0.23445292052018
1.63000000000000 0.23296032924573
1.64000000000000 0.22780259717515
1.65000000000000 0.22698996414796
1.66000000000000 0.22626854503198
1.67000000000000 0.22168297294993
1.68000000000000 0.22097813818145
1.69000000000000 0.22060499036284
1.70000000000000 0.21729641303782
1.71000000000000 0.21484192960873
1.72000000000000 0.21435269135766
1.73000000000000 0.21129287924505
1.74000000000000 0.20920325146083
1.75000000000000 0.20844037147612
1.76000000000000 0.20690631933294
1.77000000000000 0.20430257677641
1.78000000000000 0.20474206198499
1.79000000000000 0.20208027421224
1.80000000000000 0.19861414558603
1.81000000000000 0.19692254214166
1.82000000000000 0.19779322038508
1.83000000000000 0.19256915092453
1.84000000000000 0.19290083787440
1.85000000000000 0.19064536661524
1.86000000000000 0.18802503971122
1.87000000000000 0.18709631625157
1.88000000000000 0.18554567976089
1.89000000000000 0.18367994066784
1.90000000000000 0.18382090762154
1.91000000000000 0.18112595115379
1.92000000000000 0.18166494244734
1.93000000000000 0.17736959644644
1.94000000000000 0.17411906433765
1.95000000000000 0.17486535997487
1.96000000000000 0.17308254261929
1.97000000000000 0.17255184349948
1.98000000000000 0.17149873743363
1.99000000000000 0.16886182618211
2.00000000000000 0.16865452183843
2.01000000000000 0.16304072021178
2.02000000000000 0.16749361751387
2.03000000000000 0.16101742981753
2.04000000000000 0.16420991671009
2.05000000000000 0.15780006640373
2.06000000000000 0.16129107155118
2.07000000000000 0.15697084902904
2.08000000000000 0.15747667162760
2.09000000000000 0.15570214644576
2.10000000000000 0.15508852558849
2.11000000000000 0.15271696389687
2.12000000000000 0.15242673781573
2.13000000000000 0.14946643178808
2.14000000000000 0.14935034135562
2.15000000000000 0.14846307876470
2.16000000000000 0.14571007708073
2.17000000000000 0.14806505442485
2.18000000000000 0.14381946146643
2.19000000000000 0.14443308232371
2.20000000000000 0.14139814673234
2.21000000000000 0.13871148243834
2.22000000000000 0.13724376768513
2.23000000000000 0.13823882853476
2.24000000000000 0.13832175027223
2.25000000000000 0.13952411546553
2.26000000000000 0.13471465469233
2.27000000000000 0.13490537468850
2.28000000000000 0.13148070693103
2.29000000000000 0.13177093301217
2.30000000000000 0.12887696437450
2.31000000000000 0.13162167388473
2.32000000000000 0.12942424784180
2.33000000000000 0.12806433134730
2.34000000000000 0.12590007399936
2.35000000000000 0.12596641138933
2.36000000000000 0.12437431402993
2.37000000000000 0.12341242187529
2.38000000000000 0.12361143404521
2.39000000000000 0.12085014018749
2.40000000000000 0.12059308280134
2.41000000000000 0.12072575758129
2.42000000000000 0.11941559412927
2.43000000000000 0.11952339238798
2.44000000000000 0.11609043245676
2.45000000000000 0.11451491944485
2.46000000000000 0.11557631768445
2.47000000000000 0.11502903421716
2.48000000000000 0.11269893339428
2.49000000000000 0.11129755603105
2.50000000000000 0.11102391429740
2.51000000000000 0.10856943086831
2.52000000000000 0.11107366733988
2.53000000000000 0.10880990390697
2.54000000000000 0.10966399780291
2.55000000000000 0.10439846747362
2.56000000000000 0.10574179962062
2.57000000000000 0.10565058570940
2.58000000000000 0.10274832489798
2.59000000000000 0.10354437357768
2.60000000000000 0.10285612315669
2.61000000000000 0.10098209188989
2.62000000000000 0.10035188668512
2.63000000000000 0.10114793536483
2.64000000000000 0.10035188668512
2.65000000000000 0.09868515976199
2.66000000000000 0.09958900670041
2.67000000000000 0.09637993546035
2.68000000000000 0.09560047112814
2.69000000000000 0.09487905201216
2.70000000000000 0.09272308683797
2.71000000000000 0.09435664506611
2.72000000000000 0.09298014422412
2.73000000000000 0.09353571986516
2.74000000000000 0.09182753207330
2.75000000000000 0.08972961211533
2.76000000000000 0.09044273905756
2.77000000000000 0.08929841908049
2.78000000000000 0.08940621733920
2.79000000000000 0.08730829738123
2.80000000000000 0.08564157045810
2.81000000000000 0.08793021041225
2.82000000000000 0.08497819655835
2.83000000000000 0.08516062438078
2.84000000000000 0.08467967830346
2.85000000000000 0.08390021397125
2.86000000000000 0.08213398096316
2.87000000000000 0.08172766444956
2.88000000000000 0.08035945578132
2.89000000000000 0.08033457926008
2.90000000000000 0.08058334447249
2.91000000000000 0.07929805754172
2.92000000000000 0.07864297581571
2.93000000000000 0.07643725759903
2.94000000000000 0.07692649585010
2.95000000000000 0.07605581760667
2.96000000000000 0.07533439849069
2.97000000000000 0.07439738285729
2.98000000000000 0.07382522286875
2.99000000000000 0.07213361942438
3.00000000000000 0.07273065593416
3.01000000000000 0.07238238463679
3.02000000000000 0.07112197422726
3.03000000000000 0.07014349772513
3.04000000000000 0.06876699688314
3.05000000000000 0.06770559864353
3.06000000000000 0.06928940382919
3.07000000000000 0.06739878821490
3.08000000000000 0.06740708038864
3.09000000000000 0.06647835692899
3.10000000000000 0.06649494127648
3.11000000000000 0.06511844043450
3.12000000000000 0.06396582828368
3.13000000000000 0.06452140392472
3.14000000000000 0.06372535524502
3.15000000000000 0.06355121959633
3.16000000000000 0.06206692049563
3.17000000000000 0.06063237443742
3.18000000000000 0.06040848574625
3.19000000000000 0.06074846486987
3.20000000000000 0.05951293098158
3.21000000000000 0.05869200578064
3.22000000000000 0.05862566839066
3.23000000000000 0.05787937275344
3.24000000000000 0.05762231536729
3.25000000000000 0.05630385974153
3.26000000000000 0.05728233624367
3.27000000000000 0.05429715369478
3.28000000000000 0.05505174150575
3.29000000000000 0.05413131021984
3.30000000000000 0.05400692761364
3.31000000000000 0.05399863543989
3.32000000000000 0.05352598153631
3.33000000000000 0.05178462504946
3.34000000000000 0.05190071548192
3.35000000000000 0.05084760941606
3.36000000000000 0.04978621117646
3.37000000000000 0.04908137640797
3.38000000000000 0.04936331031536
3.39000000000000 0.04757220078603
3.40000000000000 0.04811948425333
3.41000000000000 0.04768829121849
3.42000000000000 0.04643617298270
3.43000000000000 0.04644446515645
3.44000000000000 0.04554061821804
3.45000000000000 0.04559866343427
3.46000000000000 0.04434654519848
3.47000000000000 0.04386559912116
3.48000000000000 0.04348415912880
3.49000000000000 0.04402315042235
3.50000000000000 0.04270469479659
3.51000000000000 0.04174280264195
3.52000000000000 0.04013412093505
3.53000000000000 0.04062335918612
3.54000000000000 0.04009266006632
3.55000000000000 0.03949562355654
3.56000000000000 0.03845910183818
3.57000000000000 0.03835959575321
3.58000000000000 0.03833471923197
3.59000000000000 0.03710747751743
3.60000000000000 0.03715723055991
3.61000000000000 0.03635288970646
3.62000000000000 0.03591340449787
3.63000000000000 0.03473591582581
3.64000000000000 0.03438764452844
3.65000000000000 0.03374914714993
3.66000000000000 0.03368280975995
3.67000000000000 0.03165951936571
3.68000000000000 0.03194145327310
3.69000000000000 0.03082200981727
3.70000000000000 0.03122832633087
3.71000000000000 0.02947867767027
3.72000000000000 0.02887334898675
3.73000000000000 0.02801096291707
3.74000000000000 0.02864116812183
3.75000000000000 0.02687493511374
3.76000000000000 0.02665933859632
3.77000000000000 0.02566427774669
3.78000000000000 0.02578866035290
3.79000000000000 0.02480189167701
3.80000000000000 0.02423802386222
3.81000000000000 0.02367415604743
3.82000000000000 0.02218985694674
3.83000000000000 0.02181670912812
3.84000000000000 0.02078847958351
3.85000000000000 0.02034070220117
3.86000000000000 0.02034070220117
3.87000000000000 0.01945343961025
3.88000000000000 0.01802718572579
3.89000000000000 0.01786134225085
3.90000000000000 0.01695749531243
3.91000000000000 0.01611169359025
3.92000000000000 0.01517467795685
3.93000000000000 0.01394743624231
3.94000000000000 0.01352453538121
3.95000000000000 0.01218120323421
3.96000000000000 0.01043984674736
3.97000000000000 0.00893067112542
3.98000000000000 0.00699859464239
3.99000000000000 0.00379781557609
4.00000000000000 0.00000000000000
