0.00000000000000 0.00000000000000
0.01000000000000 0.00000000000000
0.02000000000000 0.00000000000000
0.03000000000000 0.00000000000000
0.04000000000000 0.00000302455811
0.05000000000000 0.00011493320823
0.06000000000000 0.00090434287528
0.07000000000000 0.00424647958827
0.08000000000000 0.01736398811700
0.09000000000000 0.03394461568316
0.10000000000000 0.05605111091868
0.11000000000000 0.07893491758881
0.12000000000000 0.10328563494291
0.13000000000000 0.12570668422201
0.14000000000000 0.15702598346456
0.15000000000000 0.19346888414766
0.16000000000000 0.23503538627131
0.17000000000000 0.28287482191780
0.18000000000000 0.32987947952557
0.19000000000000 0.37583159091061
0.20000000000000 0.41602796820984
0.21000000000000 0.44993628919566
0.22000000000000 0.48650319676133
0.23000000000000 0.51887201766850
0.24000000000000 0.55227523744974
0.25000000000000 0.58260248163178
0.26000000000000 0.61335316394941
0.27000000000000 0.63254096060752
0.28000000000000 0.65064294090367
0.29000000000000 0.66127426266491
0.30000000000000 0.66898083673251
0.31000000000000 0.67597966420207
0.32000000000000 0.68023824202278
0.33000000000000 0.68723706949234
0.34000000000000 0.68771494967392
0.35000000000000 0.68996219635062
0.36000000000000 0.68630248103595
0.37000000000000 0.68933308826347
0.38000000000000 0.68827751748263
0.39000000000000 0.68773007246448
0.40000000000000 0.68345032273699
0.41000000000000 0.67803938827586
0.42000000000000 0.67422542049751
0.43000000000000 0.66937402928698
0.44000000000000 0.66470108700501
0.45000000000000 0.66104439624845
0.46000000000000 0.65220663744722
0.47000000000000 0.64705279042556
0.48000000000000 0.64174166638211
0.49000000000000 0.63366912078304
0.50000000000000 0.62877236120084
0.51000000000000 0.82509642820557
0.52000000000000 0.60709535321712
0.53000000000000 0.60473014877408
0.54000000000000 0.59980314361077
0.55000000000000 0.59169430331436
0.56000000000000 0.58888146427085
0.57000000000000 0.57827131441640
0.58000000000000 0.57418816096614
0.59000000000000 0.56709254763702
0.60000000000000 0.56218973893859
0.61000000000000 0.55527559909615
0.62000000000000 0.54821023134815
0.63000000000000 0.54430552682645
0.64000000000000 0.53768779367892
0.65000000000000 0.53099747113672
0.66000000000000 0.52656951806177
0.67000000000000 0.52349051790446
0.68000000000000 0.51705123368550
0.69000000000000 0.51290456451490
0.70000000000000 0.50746338447266
0.71000000000000 0.50290839995704
0.72000000000000 0.49614851257828
0.73000000000000 0.49353831892822
0.74000000000000 0.48703854354703
0.75000000000000 0.48188772108348
0.76000000000000 0.47767148707632
0.77000000000000 0.47249949270599
0.78000000000000 0.46894563692521
0.79000000000000 0.46462051882604
0.80000000000000 0.45879219534556
0.81000000000000 0.45268561251884
0.82000000000000 0.44975481570899
0.83000000000000 0.44613744420787
0.84000000000000 0.44209058545494
0.85000000000000 0.43542748393574
0.86000000000000 0.43438098682923
0.87000000000000 0.43059121551577
0.88000000000000 0.42717346484999
0.89000000000000 0.42107595569760
0.90000000000000 0.41560755463237
0.91000000000000 0.41345709381523
0.92000000000000 0.40993953273178
0.93000000000000 0.40760154931175
0.94000000000000 0.40324618563147
0.95000000000000 0.39888477283497
0.96000000000000 0.39468063706026
0.97000000000000 0.39425114980845
0.98000000000000 0.39004701403374
0.99000000000000 0.38699523489943
1.00000000000000 0.37836314604977
1.01000000000000 0.37969395161875
1.02000000000000 0.37646674811398
1.03000000000000 0.37509359873145
1.04000000000000 0.36884183711539
1.05000000000000 0.36842747265414
1.06000000000000 0.36329782209737
1.07000000000000 0.36088120016644
1.08000000000000 0.36036400072940
1.09000000000000 0.35338332060851
1.10000000000000 0.35318067521506
1.11000000000000 0.34800263172850
1.12000000000000 0.34894629385923
1.13000000000000 0.34427940069349
1.14000000000000 0.34062270993692
1.15000000000000 0.33866884539702
1.16000000000000 0.33170631262480
1.17000000000000 0.33251084508241
1.18000000000000 0.32821294800624
1.19000000000000 0.32872712288516
1.20000000000000 0.32510370226782
1.21000000000000 0.32139256946525
1.22000000000000 0.31867046716508
1.23000000000000 0.31746366847867
1.24000000000000 0.31411245809134
1.25000000000000 0.31221001103933
1.26000000000000 0.30822061889052
1.27000000000000 0.30697450094867
1.28000000000000 0.30511439771022
1.29000000000000 0.30183577671756
1.30000000000000 0.29859949953847
1.31000000000000 0.29710536783148
1.32000000000000 0.29632805639688
1.33000000000000 0.29306455819478
1.34000000000000 0.29050880659073
1.35000000000000 0.28673113350971
1.36000000000000 0.28540940161507
1.37000000000000 0.28180110378829
1.38000000000000 0.28070621375199
1.39000000000000 0.27853458102808
1.40000000000000 0.27441815743859
1.41000000000000 0.27461777827394
1.42000000000000 0.27168395690598
1.43000000000000 0.26859890763245
1.44000000000000 0.26761592624627
1.45000000000000 0.26592519826205
1.46000000000000 0.26270404387351
1.47000000000000 0.26310026098609
1.48000000000000 0.25965226473921
1.49000000000000 0.25815813303222
1.50000000000000 0.25641901211822
1.51000000000000 0.25399331651296
1.52000000000000 0.25282281252388
1.53000000000000 0.25216043429751
1.54000000000000 0.24824665610148
1.55000000000000 0.24838276121649
1.56000000000000 0.24561831510276
1.57000000000000 0.24283874619847
1.58000000000000 0.24220358899510
1.59000000000000 0.24063989245155
1.60000000000000 0.23835332651941
1.61000000000000 0.23677753174342
1.62000000000000 0.23462102181006
1.63000000000000 0.23463312004250
1.64000000000000 0.23093408547238
1.65000000000000 0.22890460697969
1.66000000000000 0.22672692513956
1.67000000000000 0.22536284943136
1.68000000000000 0.22582258226428
1.69000000000000 0.22496965687689
1.70000000000000 0.22159425002467
1.71000000000000 0.21988235013367
1.72000000000000 0.21856364279715
1.73000000000000 0.21766534903809
1.74000000000000 0.21533946385050
1.75000000000000 0.21479806794857
1.76000000000000 0.21317085568469
1.77000000000000 0.21063022687120
1.78000000000000 0.20952928771868
1.79000000000000 0.20834971005527
1.80000000000000 0.20780831415335
1.81000000000000 0.20540076589675
1.82000000000000 0.20434821967402
1.83000000000000 0.20207677653243
1.84000000000000 0.20065220966201
1.85000000000000 0.20126317040049
1.86000000000000 0.19804201601195
1.87000000000000 0.19784844429283
1.88000000000000 0.19717094327589
1.89000000000000 0.19336604917187
1.90000000000000 0.19377738907501
1.91000000000000 0.19156341253754
1.92000000000000 0.19086776417194
1.93000000000000 0.18884131023736
1.94000000000000 0.18789159899041
1.95000000000000 0.18697515788269
1.96000000000000 0.18640654095776
1.97000000000000 0.18502129334279
1.98000000000000 0.18269843271331
1.99000000000000 0.18175477058258
2.00000000000000 0.18317026377867
2.01000000000000 0.17814042363957
2.02000000000000 0.17913550325819
2.03000000000000 0.17611699426311
2.04000000000000 0.17736613676308
2.05000000000000 0.17261455597022
2.06000000000000 0.17621680468078
2.07000000000000 0.17197032509251
2.08000000000000 0.17156503430560
2.09000000000000 0.17015559022573
2.10000000000000 0.16822592215072
2.11000000000000 0.16906070018944
2.12000000000000 0.16700097611564
2.13000000000000 0.16666827472340
2.14000000000000 0.16472045929972
2.15000000000000 0.16273937373681
2.16000000000000 0.16389777949344
2.17000000000000 0.16139949449350
2.18000000000000 0.16057681468723
2.19000000000000 0.15993863292574
2.20000000000000 0.15826000317397
2.21000000000000 0.15795452280473
2.22000000000000 0.15656927518975
2.23000000000000 0.15536247650334
2.24000000000000 0.15461843520796
2.25000000000000 0.15500860320432
2.26000000000000 0.15270993903973
2.27000000000000 0.15386532023825
2.28000000000000 0.14929521293207
2.29000000000000 0.15249519541383
2.30000000000000 0.14598332180019
2.31000000000000 0.15055645366448
2.32000000000000 0.14588351138252
2.33000000000000 0.14735042206650
2.34000000000000 0.14495497204235
2.35000000000000 0.14425327456052
2.36000000000000 0.14411112032929
2.37000000000000 0.14233872927607
2.38000000000000 0.14205442081361
2.39000000000000 0.14064497673374
2.40000000000000 0.14123174100733
2.41000000000000 0.13997352483303
2.42000000000000 0.13895122419141
2.43000000000000 0.13748733806554
2.44000000000000 0.13684310718783
2.45000000000000 0.13579358552321
2.46000000000000 0.13603555017211
2.47000000000000 0.13394255595909
2.48000000000000 0.13336486535983
2.49000000000000 0.13443555893123
2.50000000000000 0.13319549010560
2.51000000000000 0.13077584361655
2.52000000000000 0.13186165997851
2.53000000000000 0.12786924327159
2.54000000000000 0.13116601161291
2.55000000000000 0.12706773537210
2.56000000000000 0.12827755861662
2.57000000000000 0.12828360773284
2.58000000000000 0.12761518039024
2.59000000000000 0.12541330208521
2.60000000000000 0.12551613706100
2.61000000000000 0.12421255251502
2.62000000000000 0.12429724014214
2.63000000000000 0.12304809764217
2.64000000000000 0.12233127736979
2.65000000000000 0.12109725766038
2.66000000000000 0.12091275961559
2.67000000000000 0.12009915348365
2.68000000000000 0.11983299236986
2.69000000000000 0.11883186363501
2.70000000000000 0.11817250996675
2.71000000000000 0.11769160522705
2.72000000000000 0.11689614644378
2.73000000000000 0.11669350105032
2.74000000000000 0.11593433696439
2.75000000000000 0.11460353139541
2.76000000000000 0.11441903335062
2.77000000000000 0.11280391931919
2.78000000000000 0.11256800378650
2.79000000000000 0.11249843894994
2.80000000000000 0.11176044677079
2.81000000000000 0.11125534556620
2.82000000000000 0.11023304492458
2.83000000000000 0.10882360084471
2.84000000000000 0.10941641423453
2.85000000000000 0.10768031787864
2.86000000000000 0.10800999471277
2.87000000000000 0.10756538467041
2.88000000000000 0.10584138654697
2.89000000000000 0.10683646616558
2.90000000000000 0.10465273520922
2.91000000000000 0.10364555735816
2.92000000000000 0.10348525577826
2.93000000000000 0.10281985299377
2.94000000000000 0.10314650526979
2.95000000000000 0.10260510936787
2.96000000000000 0.10149509654102
2.97000000000000 0.10144065449502
2.98000000000000 0.10007052967060
2.99000000000000 0.09927809544544
3.00000000000000 0.09932346381711
3.01000000000000 0.09808339499147
3.02000000000000 0.09887885377474
3.03000000000000 0.09815598438614
3.04000000000000 0.09830116317548
3.05000000000000 0.09627773379902
3.06000000000000 0.09601762180145
3.07000000000000 0.09534012078452
3.08000000000000 0.09520401566951
3.09000000000000 0.09487433883538
3.10000000000000 0.09431177102668
3.11000000000000 0.09338020712839
3.12000000000000 0.09311102145649
3.13000000000000 0.09296584266714
3.14000000000000 0.09239722574222
3.15000000000000 0.09182255970107
3.16000000000000 0.09112691133547
3.17000000000000 0.09073371878100
3.18000000000000 0.09068835040933
3.19000000000000 0.09008646334518
3.20000000000000 0.08948760083915
3.21000000000000 0.08828080215274
3.22000000000000 0.08759725201958
3.23000000000000 0.08812050057284
3.24000000000000 0.08818704085128
3.25000000000000 0.08684413704987
3.26000000000000 0.08687740718909
3.27000000000000 0.08610009575449
3.28000000000000 0.08510804069398
3.29000000000000 0.08441541688649
3.30000000000000 0.08347780387198
3.31000000000000 0.08413110842403
3.32000000000000 0.08359273708021
3.33000000000000 0.08302714471340
3.34000000000000 0.08351712312743
3.35000000000000 0.08242223309114
3.36000000000000 0.08130919570618
3.37000000000000 0.08161467607542
3.38000000000000 0.08123055719529
3.39000000000000 0.08105815738294
3.40000000000000 0.07983623590598
3.41000000000000 0.08019615832122
3.42000000000000 0.07984833413842
3.43000000000000 0.07876251777646
3.44000000000000 0.07789749415663
3.45000000000000 0.07797613266752
3.46000000000000 0.07731980355737
3.47000000000000 0.07770089787939
3.48000000000000 0.07714740374503
3.49000000000000 0.07688729174745
3.50000000000000 0.07647595184432
3.51000000000000 0.07566537027049
3.52000000000000 0.07472170813976
3.53000000000000 0.07514817083345
3.54000000000000 0.07360564619669
3.55000000000000 0.07447671893274
3.56000000000000 0.07386575819426
3.57000000000000 0.07343929550057
3.58000000000000 0.07211453904782
3.59000000000000 0.07296746443520
3.60000000000000 0.07190584453814
3.61000000000000 0.07173949384201
3.62000000000000 0.07083817552485
3.63000000000000 0.07057201441105
3.64000000000000 0.06965859786144
3.65000000000000 0.07047522855149
3.66000000000000 0.06993383264957
3.67000000000000 0.06973118725611
3.68000000000000 0.06853346224403
3.69000000000000 0.06896899861206
3.70000000000000 0.06855160959270
3.71000000000000 0.06826125201402
3.72000000000000 0.06664613798258
3.73000000000000 0.06762307025253
3.74000000000000 0.06695766746804
3.75000000000000 0.06650095919324
3.76000000000000 0.06669453091236
3.77000000000000 0.06517015362426
3.78000000000000 0.06572062320052
3.79000000000000 0.06488584516180
3.80000000000000 0.06481628032524
3.81000000000000 0.06450777539789
3.82000000000000 0.06410248461097
3.83000000000000 0.06323443643303
3.84000000000000 0.06275050713522
3.85000000000000 0.06307715941124
3.86000000000000 0.06330702582770
3.87000000000000 0.06243595309164
3.88000000000000 0.06216676741974
3.89000000000000 0.06118378603356
3.90000000000000 0.06113539310378
3.91000000000000 0.06108397561589
3.92000000000000 0.06112329487134
3.93000000000000 0.06046394120307
3.94000000000000 0.05987415237137
3.95000000000000 0.05945978791012
3.96000000000000 0.05989834883626
3.97000000000000 0.05910893916921
3.98000000000000 0.05843748726850
3.99000000000000 0.05825903833993
4.00000000000000 0.05804731927214
4.01000000000000 0.05798985266803
4.02000000000000 0.05691613453851
4.03000000000000 0.05746660411477
4.04000000000000 0.05661367872738
4.05000000000000 0.05743333397555
4.06000000000000 0.05627190366081
4.07000000000000 0.05567909027099
4.08000000000000 0.05569118850344
4.09000000000000 0.05649572096104
4.10000000000000 0.05449648804947
4.11000000000000 0.05498646646350
4.12000000000000 0.05500461381217
4.13000000000000 0.05444204600347
4.14000000000000 0.05352258033763
4.15000000000000 0.05315963336428
4.16000000000000 0.05313543689939
4.17000000000000 0.05285415299503
4.18000000000000 0.05250935337035
4.19000000000000 0.05266058127591
4.20000000000000 0.05240046927834
4.21000000000000 0.05178648398174
4.22000000000000 0.05144470891517
4.23000000000000 0.05196795746842
4.24000000000000 0.05138421775294
4.25000000000000 0.05072486408468
4.26000000000000 0.05140236510161
4.27000000000000 0.04917326577358
4.28000000000000 0.04933054279536
4.29000000000000 0.04985681590673
4.30000000000000 0.04989008604596
4.31000000000000 0.04801788457506
4.32000000000000 0.04889803098545
4.33000000000000 0.04748858690558
4.34000000000000 0.04861372252299
4.35000000000000 0.04742809574335
4.36000000000000 0.04708632067678
4.37000000000000 0.04682015956298
4.38000000000000 0.04771542876393
4.39000000000000 0.04619105147583
4.40000000000000 0.04665078430875
4.41000000000000 0.04635437761384
4.42000000000000 0.04607914282571
4.43000000000000 0.04563150822524
4.44000000000000 0.04527763492622
4.45000000000000 0.04554379604001
4.46000000000000 0.04569804850369
4.47000000000000 0.04396195214780
4.48000000000000 0.04387423996257
4.49000000000000 0.04415249930881
4.50000000000000 0.04451242172406
4.51000000000000 0.04437026749283
4.52000000000000 0.04304248648196
4.53000000000000 0.04253133616115
4.54000000000000 0.04281262006551
4.55000000000000 0.04342358080399
4.56000000000000 0.04170865635488
4.57000000000000 0.04222888035002
4.58000000000000 0.04197784202679
4.59000000000000 0.04202623495657
4.60000000000000 0.04131848835852
4.61000000000000 0.04084363273505
4.62000000000000 0.04068333115515
4.63000000000000 0.04210184890935
4.64000000000000 0.03980620930287
4.65000000000000 0.03966103051353
4.66000000000000 0.04021754920601
4.67000000000000 0.03975781637309
4.68000000000000 0.03897748038037
4.69000000000000 0.03955214642152
4.70000000000000 0.03862360708135
4.71000000000000 0.03910451182105
4.72000000000000 0.03854799312857
4.73000000000000 0.03816689880654
4.74000000000000 0.03752569248695
4.75000000000000 0.03754686439373
4.76000000000000 0.03813362866732
4.77000000000000 0.03706595965403
4.78000000000000 0.03659412858866
4.79000000000000 0.03663949696033
4.80000000000000 0.03689053528357
4.81000000000000 0.03613137119764
4.82000000000000 0.03673930737801
4.83000000000000 0.03555670515649
4.84000000000000 0.03573817864317
4.85000000000000 0.03479754107055
4.86000000000000 0.03551133678482
4.87000000000000 0.03404745065895
4.88000000000000 0.03496994088289
4.89000000000000 0.03402627875217
4.90000000000000 0.03405652433328
4.91000000000000 0.03439829939986
4.92000000000000 0.03371474926670
4.93000000000000 0.03372987205726
4.94000000000000 0.03296465885510
4.95000000000000 0.03295256062265
4.96000000000000 0.03234159988417
4.97000000000000 0.03248375411540
4.98000000000000 0.03211778258394
4.99000000000000 0.03184557235392
5.00000000000000 0.03219339653672
5.01000000000000 0.03169736900646
5.02000000000000 0.03091098389752
5.03000000000000 0.03077790334063
5.04000000000000 0.03086259096774
5.05000000000000 0.03030909683338
5.06000000000000 0.02996429720869
5.07000000000000 0.03019416362515
5.08000000000000 0.02943499953921
5.09000000000000 0.02987053590724
5.10000000000000 0.02932611544720
5.11000000000000 0.02883916159128
5.12000000000000 0.02910229814697
5.13000000000000 0.02871515470872
5.14000000000000 0.02841572345570
5.15000000000000 0.02820097982980
5.16000000000000 0.02760211732376
5.17000000000000 0.02721497388551
5.18000000000000 0.02756279806831
5.19000000000000 0.02722102300173
5.20000000000000 0.02666147975114
5.21000000000000 0.02655259565914
5.22000000000000 0.02643766245091
5.23000000000000 0.02654352198480
5.24000000000000 0.02668265165792
5.25000000000000 0.02542746004173
5.26000000000000 0.02545165650662
5.27000000000000 0.02507358674271
5.28000000000000 0.02499192367370
5.29000000000000 0.02543048459984
5.30000000000000 0.02437793837711
5.31000000000000 0.02479532739647
5.32000000000000 0.02362482340739
5.33000000000000 0.02368833912773
5.34000000000000 0.02383956703330
5.35000000000000 0.02383351791707
5.36000000000000 0.02312274676092
5.37000000000000 0.02327397466648
5.38000000000000 0.02275677522945
5.39000000000000 0.02260252276577
5.40000000000000 0.02190384984206
5.41000000000000 0.02148646082270
5.42000000000000 0.02202180760840
5.43000000000000 0.02107814547768
5.44000000000000 0.02118400501157
5.45000000000000 0.02095111403700
5.46000000000000 0.02079081245710
5.47000000000000 0.02045811106486
5.48000000000000 0.01988344502371
5.49000000000000 0.01999535367383
5.50000000000000 0.01982295386149
5.51000000000000 0.01942976130702
5.52000000000000 0.01917872298378
5.53000000000000 0.01867664633730
5.54000000000000 0.01856171312907
5.55000000000000 0.01848307461818
5.56000000000000 0.01860405694263
5.57000000000000 0.01783581918236
5.58000000000000 0.01720368653710
5.59000000000000 0.01709782700320
5.60000000000000 0.01745170030222
5.61000000000000 0.01678024840151
5.62000000000000 0.01627212263881
5.63000000000000 0.01605737901291
5.64000000000000 0.01611787017514
5.65000000000000 0.01563696543544
5.66000000000000 0.01528006757831
5.67000000000000 0.01527099390397
5.68000000000000 0.01464188581682
5.69000000000000 0.01439689660981
5.70000000000000 0.01445738777203
5.71000000000000 0.01387364805655
5.72000000000000 0.01420030033257
5.73000000000000 0.01325966275996
5.74000000000000 0.01337157141007
5.75000000000000 0.01302072266916
5.76000000000000 0.01257006351058
5.77000000000000 0.01235834444279
5.78000000000000 0.01179275207597
5.79000000000000 0.01167176975152
5.80000000000000 0.01150541905540
5.81000000000000 0.01085816361958
5.82000000000000 0.01090655654936
5.83000000000000 0.01057687971523
5.84000000000000 0.01010807320798
5.85000000000000 0.00978747004818
5.86000000000000 0.00950618614383
5.87000000000000 0.00941544940049
5.88000000000000 0.00877726763900
5.89000000000000 0.00867745722133
5.90000000000000 0.00840524699131
5.91000000000000 0.00785175285694
5.92000000000000 0.00690204161000
5.93000000000000 0.00678105928554
5.94000000000000 0.00636064570807
5.95000000000000 0.00572548850470
5.96000000000000 0.00497539809309
5.97000000000000 0.00437351102895
5.98000000000000 0.00328164555076
5.99000000000000 0.00181473486678
6.00000000000000 0.00000000000000
