0.00000000000000 0.00000000000000
0.01000000000000 0.00000000000000
0.02000000000000 0.00000000000000
0.03000000000000 0.00000000000000
0.04000000000000 0.00000737627026
0.05000000000000 0.00002950508103
0.06000000000000 0.00111381680900
0.07000000000000 0.00572398572043
0.08000000000000 0.01998969239994
0.09000000000000 0.04606480776296
0.10000000000000 0.09802325546229
0.11000000000000 0.14646322224842
0.12000000000000 0.19773567681373
0.13000000000000 0.25220943267114
0.14000000000000 0.30933864582152
0.15000000000000 0.37464814268834
0.16000000000000 0.43879956512461
0.17000000000000 0.50851269533562
0.18000000000000 0.57660304608981
0.19000000000000 0.62842134465424
0.20000000000000 0.68212059213452
0.21000000000000 0.71913471629057
0.22000000000000 0.75763147076854
0.23000000000000 0.78954859217612
0.24000000000000 0.82367859466119
0.25000000000000 0.84967994732163
0.26000000000000 0.87515758479373
0.27000000000000 0.89898293772798
0.28000000000000 0.90424959469239
0.29000000000000 0.90809263149695
0.30000000000000 0.91200943100410
0.31000000000000 0.90528964879881
0.32000000000000 0.90285547961357
0.33000000000000 0.89606931097596
0.34000000000000 0.89170255898305
0.35000000000000 0.88629575288374
0.36000000000000 0.88148642467533
0.37000000000000 0.86478654881059
0.38000000000000 0.85524165509637
0.39000000000000 0.84751132386569
0.40000000000000 0.83345215275341
0.41000000000000 0.82056580861220
0.42000000000000 0.80457405469224
0.43000000000000 0.79944017059248
0.44000000000000 0.78289519640315
0.45000000000000 0.77197094015064
0.46000000000000 0.75870102995599
0.47000000000000 0.74434680803338
0.48000000000000 0.73489042956226
0.49000000000000 0.72100091266592
0.50000000000000 0.71474583548690
0.51000000000000 0.90407994047645
0.52000000000000 0.68887725569111
0.53000000000000 0.67737027408819
0.54000000000000 0.66435115708232
0.55000000000000 0.65577993104220
0.56000000000000 0.64303373603589
0.57000000000000 0.63643935042499
0.58000000000000 0.62505776541646
0.59000000000000 0.61829372558962
0.60000000000000 0.61024621473783
0.61000000000000 0.60073082610465
0.62000000000000 0.59311851519810
0.63000000000000 0.58365476045673
0.64000000000000 0.56841538610312
0.65000000000000 0.56206441741074
0.66000000000000 0.55601587579895
0.67000000000000 0.54731925316444
0.68000000000000 0.54238452836165
0.69000000000000 0.53100294335312
0.70000000000000 0.52336850363581
0.71000000000000 0.52021883623551
0.72000000000000 0.51205330505960
0.73000000000000 0.50473604496338
0.74000000000000 0.50114380134760
0.75000000000000 0.49350936163028
0.76000000000000 0.48512254234661
0.77000000000000 0.48317520699843
0.78000000000000 0.47207392025972
0.79000000000000 0.46648270740394
0.80000000000000 0.46192417238432
0.81000000000000 0.45727712212160
0.82000000000000 0.44852886559528
0.83000000000000 0.44436127289936
0.84000000000000 0.43654242642558
0.85000000000000 0.43112086778574
0.86000000000000 0.42757288179151
0.87000000000000 0.42452648217484
0.88000000000000 0.42151696390946
0.89000000000000 0.41065909408927
0.90000000000000 0.40896992820012
0.91000000000000 0.40276648491291
0.92000000000000 0.39587704849167
0.93000000000000 0.39747769913772
0.94000000000000 0.39159881174187
0.95000000000000 0.38920152390793
0.96000000000000 0.38134579608286
0.97000000000000 0.37969351154501
0.98000000000000 0.37488418333661
0.99000000000000 0.37126981091005
1.00000000000000 0.36609166918874
1.01000000000000 0.36542042859523
1.02000000000000 0.36045619871141
1.03000000000000 0.35692296525769
1.04000000000000 0.35244556921092
1.05000000000000 0.34431691938629
1.06000000000000 0.34715678343573
1.07000000000000 0.34084269609464
1.08000000000000 0.33887323193568
1.09000000000000 0.33362132751178
1.10000000000000 0.33210181583858
1.11000000000000 0.32838417562840
1.12000000000000 0.32806699600730
1.13000000000000 0.32007849531758
1.14000000000000 0.32049894272230
1.15000000000000 0.31110895068352
1.16000000000000 0.31299727586963
1.17000000000000 0.30684546647422
1.18000000000000 0.30357777874981
1.19000000000000 0.30083380621373
1.20000000000000 0.30264836869726
1.21000000000000 0.29566304076267
1.22000000000000 0.29385585454939
1.23000000000000 0.29133317012106
1.24000000000000 0.28906865515177
1.25000000000000 0.28557230304934
1.26000000000000 0.28436259472698
1.27000000000000 0.28149322559651
1.28000000000000 0.27868286662811
1.29000000000000 0.27525290095801
1.30000000000000 0.27435299598650
1.31000000000000 0.27259744366503
1.32000000000000 0.26768484767301
1.33000000000000 0.26346562108527
1.34000000000000 0.26421800065162
1.35000000000000 0.26004303168543
1.36000000000000 0.25977010968588
1.37000000000000 0.25798505228337
1.38000000000000 0.25240859196811
1.39000000000000 0.24953184656738
1.40000000000000 0.24686163673389
1.41000000000000 0.24595435549212
1.42000000000000 0.24588796905979
1.43000000000000 0.24235473560608
1.44000000000000 0.24155072214792
1.45000000000000 0.23916818685450
1.46000000000000 0.23548005172536
1.47000000000000 0.23512599075296
1.48000000000000 0.23060433708463
1.49000000000000 0.22993309649113
1.50000000000000 0.22973393719416
1.51000000000000 0.22639248676716
1.52000000000000 0.22414272433838
1.53000000000000 0.22120696877558
1.54000000000000 0.22096355185706
1.55000000000000 0.21916374191404
1.56000000000000 0.21779175564600
1.57000000000000 0.21501827802889
1.58000000000000 0.21246608851952
1.59000000000000 0.20986964138861
1.60000000000000 0.21118999376484
1.61000000000000 0.21076217008986
1.62000000000000 0.20977374987525
1.63000000000000 0.20679373669090
1.64000000000000 0.20407926923586
1.65000000000000 0.19907815800074
1.66000000000000 0.19738899211160
1.67000000000000 0.19949122913521
1.68000000000000 0.19731522940901
1.69000000000000 0.19398115525227
1.70000000000000 0.19527937881773
1.71000000000000 0.19476303989965
1.72000000000000 0.19249114866010
1.73000000000000 0.18961440325937
1.74000000000000 0.18870712201760
1.75000000000000 0.18614017996772
1.76000000000000 0.18736464083059
1.77000000000000 0.18405269548462
1.78000000000000 0.18448789542986
1.79000000000000 0.18154476359681
1.80000000000000 0.17843935381807
1.81000000000000 0.17720751668494
1.82000000000000 0.17923599100597
1.83000000000000 0.17607894733542
1.84000000000000 0.17348250020451
1.85000000000000 0.17286289350281
1.86000000000000 0.17034020907448
1.87000000000000 0.17215477155802
1.88000000000000 0.16979436507537
1.89000000000000 0.16752247383582
1.90000000000000 0.16665207394534
1.91000000000000 0.16263200665458
1.92000000000000 0.16481538265103
1.93000000000000 0.16258037276277
1.94000000000000 0.16062566114432
1.95000000000000 0.16090595941414
1.96000000000000 0.16099447465724
1.97000000000000 0.15782267844618
1.98000000000000 0.15732846833887
1.99000000000000 0.15496068558596
2.00000000000000 0.15707029887983
2.01000000000000 0.15181101818568
2.02000000000000 0.15351493661534
2.03000000000000 0.14872773721772
2.04000000000000 0.14984893029698
2.05000000000000 0.15040215056634
2.06000000000000 0.14836629997506
2.07000000000000 0.14807124916473
2.08000000000000 0.14711233403116
2.09000000000000 0.14441999538688
2.10000000000000 0.14385202257700
2.11000000000000 0.14205958890423
2.12000000000000 0.14316602944298
2.13000000000000 0.14082775177109
2.14000000000000 0.13907219944963
2.15000000000000 0.13884353507162
2.16000000000000 0.13762645047901
2.17000000000000 0.13718387426350
2.18000000000000 0.13600367102219
2.19000000000000 0.13612169134631
2.20000000000000 0.13431450513304
2.21000000000000 0.13377603740418
2.22000000000000 0.13348836286411
2.23000000000000 0.13299415275680
2.24000000000000 0.13048622086899
2.25000000000000 0.13075176659828
2.26000000000000 0.12834710249409
2.27000000000000 0.12881180752036
2.28000000000000 0.12507203849941
2.29000000000000 0.12917324476301
2.30000000000000 0.12679070946959
2.31000000000000 0.12542609947181
2.32000000000000 0.12316158450251
2.33000000000000 0.12293292012451
2.34000000000000 0.12238707612539
2.35000000000000 0.12240920493617
2.36000000000000 0.12070528650650
2.37000000000000 0.12198875753145
2.38000000000000 0.12039548315566
2.39000000000000 0.11829324613205
2.40000000000000 0.11594759218991
2.41000000000000 0.11815309699715
2.42000000000000 0.11506243975892
2.43000000000000 0.11357980943701
2.44000000000000 0.11650081245928
2.45000000000000 0.11484852792144
2.46000000000000 0.11353555181546
2.47000000000000 0.11260614176292
2.48000000000000 0.11281267733014
2.49000000000000 0.10961137603806
2.50000000000000 0.11077682673886
2.51000000000000 0.10775255593297
2.52000000000000 0.11092435214402
2.53000000000000 0.10780418982478
2.54000000000000 0.10770829831141
2.55000000000000 0.10472090885682
2.56000000000000 0.10514135626154
2.57000000000000 0.10517086134257
2.58000000000000 0.10392427166892
2.59000000000000 0.10486843426198
2.60000000000000 0.10307600058922
2.61000000000000 0.10263342437372
2.62000000000000 0.10213921426642
2.63000000000000 0.10154173637549
2.64000000000000 0.10115079405181
2.65000000000000 0.09943949935188
2.66000000000000 0.09778721481403
2.67000000000000 0.09940999427085
2.68000000000000 0.09760280805757
2.69000000000000 0.09790523513816
2.70000000000000 0.09805276054333
2.71000000000000 0.09631933703263
2.72000000000000 0.09664389292400
2.73000000000000 0.09513913379130
2.74000000000000 0.09407695087412
2.75000000000000 0.09637097092444
2.76000000000000 0.09211486298541
2.77000000000000 0.09351635433448
2.78000000000000 0.09170916812121
2.79000000000000 0.09269758833581
2.80000000000000 0.09094941228460
2.81000000000000 0.09066911401479
2.82000000000000 0.09010851747516
2.83000000000000 0.09159852406733
2.84000000000000 0.08926024639545
2.85000000000000 0.08846360920756
2.86000000000000 0.08743830764166
2.87000000000000 0.08789563639768
2.88000000000000 0.08636874845421
2.89000000000000 0.08673756196713
2.90000000000000 0.08577864683355
2.91000000000000 0.08580077564432
2.92000000000000 0.08495988083488
2.93000000000000 0.08489349440256
2.94000000000000 0.08401571824182
2.95000000000000 0.08328546748625
2.96000000000000 0.08276175229791
2.97000000000000 0.08235605743371
2.98000000000000 0.08290927770307
2.99000000000000 0.08172169819150
3.00000000000000 0.08200937273156
3.01000000000000 0.08021693905881
3.02000000000000 0.08114634911135
3.03000000000000 0.07739182754988
3.04000000000000 0.08012842381570
3.05000000000000 0.07757623430634
3.06000000000000 0.07986287808640
3.07000000000000 0.07623375311933
3.08000000000000 0.07705251911800
3.09000000000000 0.07572479047151
3.10000000000000 0.07632964463269
3.11000000000000 0.07597558366029
3.12000000000000 0.07561414641764
3.13000000000000 0.07572479047151
3.14000000000000 0.07498716344568
3.15000000000000 0.07491340074310
3.16000000000000 0.07266363831433
3.17000000000000 0.07334225517808
3.18000000000000 0.07357829582635
3.19000000000000 0.07284804507078
3.20000000000000 0.07113675037086
3.21000000000000 0.07241284512554
3.22000000000000 0.07101873004673
3.23000000000000 0.07097447242518
3.24000000000000 0.06922629637397
3.25000000000000 0.07171947572126
3.26000000000000 0.06829688632142
3.27000000000000 0.06944758448171
3.28000000000000 0.06916728621190
3.29000000000000 0.06890911675286
3.30000000000000 0.06713143562062
3.31000000000000 0.06991228950798
3.32000000000000 0.06598073746032
3.33000000000000 0.06827475751065
3.34000000000000 0.06619464929781
3.35000000000000 0.06664460178357
3.36000000000000 0.06569306292025
3.37000000000000 0.06525048670475
3.38000000000000 0.06581845951464
3.39000000000000 0.06356132081561
3.40000000000000 0.06381211400439
3.41000000000000 0.06387112416646
3.42000000000000 0.06355394454535
3.43000000000000 0.06401864957162
3.44000000000000 0.06272780227642
3.45000000000000 0.06218933454757
3.46000000000000 0.06184264984543
3.47000000000000 0.06208606676395
3.48000000000000 0.06189428373723
3.49000000000000 0.06162873800794
3.50000000000000 0.06182789730491
3.51000000000000 0.05935684676839
3.52000000000000 0.05962976876794
3.53000000000000 0.06010185006447
3.54000000000000 0.06028625682093
3.55000000000000 0.05825778249990
3.56000000000000 0.05896590444470
3.57000000000000 0.05735050125813
3.58000000000000 0.05864872482359
3.59000000000000 0.05690054877238
3.60000000000000 0.05738000633917
3.61000000000000 0.05658336915127
3.62000000000000 0.05628831834094
3.63000000000000 0.05595638617932
3.64000000000000 0.05651698271895
3.65000000000000 0.05579410823363
3.66000000000000 0.05670876574566
3.67000000000000 0.05402380337165
3.68000000000000 0.05500484731600
3.69000000000000 0.05468029142463
3.70000000000000 0.05457702364102
3.71000000000000 0.05431885418198
3.72000000000000 0.05407543726346
3.73000000000000 0.05318290856220
3.74000000000000 0.05299850180575
3.75000000000000 0.05355909834538
3.76000000000000 0.05139785115970
3.77000000000000 0.05195844769933
3.78000000000000 0.05112492916015
3.79000000000000 0.05189943753726
3.80000000000000 0.05091101732266
3.81000000000000 0.05098478002524
3.82000000000000 0.04893417689344
3.83000000000000 0.05050532245845
3.84000000000000 0.05059383770155
3.85000000000000 0.04904482094731
3.86000000000000 0.04915546500118
3.87000000000000 0.04914071246067
3.88000000000000 0.04765070586849
3.89000000000000 0.04870551251543
3.90000000000000 0.04796788548960
3.91000000000000 0.04734090251765
3.92000000000000 0.04724501100429
3.93000000000000 0.04711961440990
3.94000000000000 0.04685406868060
3.95000000000000 0.04681718732931
3.96000000000000 0.04599842133064
3.97000000000000 0.04623446197891
3.98000000000000 0.04649263143794
3.99000000000000 0.04556322138540
4.00000000000000 0.04618282808710
4.01000000000000 0.04488460452164
4.02000000000000 0.04441989949537
4.03000000000000 0.04525341803455
4.04000000000000 0.04528292311559
4.05000000000000 0.04495099095396
4.06000000000000 0.04318806236224
4.07000000000000 0.04463381133286
4.08000000000000 0.04406583852297
4.09000000000000 0.04333558776740
4.10000000000000 0.04180132355367
4.11000000000000 0.04273810987648
4.12000000000000 0.04176444220239
4.13000000000000 0.04232503874202
4.14000000000000 0.04183082863471
4.15000000000000 0.04045146609641
4.16000000000000 0.04053998133951
4.17000000000000 0.04101206263604
4.18000000000000 0.04059161523132
4.19000000000000 0.04040720847486
4.20000000000000 0.03975809669213
4.21000000000000 0.04075389317700
4.22000000000000 0.03983923566497
4.23000000000000 0.04051047625848
4.24000000000000 0.03935240182793
4.25000000000000 0.03854838836978
4.26000000000000 0.03964007636800
4.27000000000000 0.03902784593656
4.28000000000000 0.03815744604609
4.29000000000000 0.03774437491162
4.30000000000000 0.03776650372240
4.31000000000000 0.03669694453495
4.32000000000000 0.03734605631768
4.33000000000000 0.03677808350779
4.34000000000000 0.03774437491162
4.35000000000000 0.03620273442764
4.36000000000000 0.03592981242809
4.37000000000000 0.03575278194189
4.38000000000000 0.03521431421303
4.39000000000000 0.03614372426557
4.40000000000000 0.03563476161776
4.41000000000000 0.03559788026646
4.42000000000000 0.03535446334794
4.43000000000000 0.03640189372461
4.44000000000000 0.03415213129584
4.45000000000000 0.03418163637687
4.46000000000000 0.03515530405097
4.47000000000000 0.03404886351222
4.48000000000000 0.03418901264713
4.49000000000000 0.03327435513511
4.50000000000000 0.03370217881009
4.51000000000000 0.03326697886484
4.52000000000000 0.03287603654116
4.53000000000000 0.03228593492050
4.54000000000000 0.03222692475843
4.55000000000000 0.03296455178425
4.56000000000000 0.03300143313555
4.57000000000000 0.03190236886707
4.58000000000000 0.03100246389556
4.59000000000000 0.03117949438175
4.60000000000000 0.03044924362618
4.61000000000000 0.03061889784212
4.62000000000000 0.02978537930294
4.63000000000000 0.02975587422191
4.64000000000000 0.02923953530382
4.65000000000000 0.02974112168139
4.66000000000000 0.03025746059947
4.67000000000000 0.02912889124995
4.68000000000000 0.02938706070899
4.69000000000000 0.02891497941246
4.70000000000000 0.02898874211504
4.71000000000000 0.02825111508922
4.72000000000000 0.02849453200774
4.73000000000000 0.02847240319696
4.74000000000000 0.02901824719608
4.75000000000000 0.02732170503667
4.76000000000000 0.02722581352331
4.77000000000000 0.02665784071343
4.78000000000000 0.02643655260568
4.79000000000000 0.02662833563239
4.80000000000000 0.02664308817291
4.81000000000000 0.02606773909277
4.82000000000000 0.02637754244361
4.83000000000000 0.02611937298457
4.84000000000000 0.02524897309409
4.85000000000000 0.02524159682384
4.86000000000000 0.02488015958118
4.87000000000000 0.02541862731004
4.88000000000000 0.02573580693114
4.89000000000000 0.02451872233852
4.90000000000000 0.02469575282472
4.91000000000000 0.02405401731225
4.92000000000000 0.02332376655668
4.93000000000000 0.02358931228598
4.94000000000000 0.02397287833941
4.95000000000000 0.02302871574635
4.96000000000000 0.02291069542222
4.97000000000000 0.02273366493602
4.98000000000000 0.02281480390886
4.99000000000000 0.02116251937101
5.00000000000000 0.02243123785543
5.01000000000000 0.02288119034119
5.02000000000000 0.02060192283138
5.03000000000000 0.02142806510031
5.04000000000000 0.02222470228820
5.05000000000000 0.02097811261455
5.06000000000000 0.02104449904688
5.07000000000000 0.02075682450680
5.08000000000000 0.02062405164215
5.09000000000000 0.02060192283138
5.10000000000000 0.01983479072452
5.11000000000000 0.01954711618444
5.12000000000000 0.01934058061721
5.13000000000000 0.01895701456378
5.14000000000000 0.01870622137500
5.15000000000000 0.01868409256423
5.16000000000000 0.01856607224009
5.17000000000000 0.01822676380821
5.18000000000000 0.01796859434917
5.19000000000000 0.01751864186342
5.20000000000000 0.01751864186342
5.21000000000000 0.01804973332201
5.22000000000000 0.01741537407980
5.23000000000000 0.01704656056689
5.24000000000000 0.01793171299788
5.25000000000000 0.01700967921560
5.26000000000000 0.01679576737810
5.27000000000000 0.01596962510918
5.28000000000000 0.01608764543331
5.29000000000000 0.01562294040704
5.30000000000000 0.01615403186563
5.31000000000000 0.01450174732778
5.32000000000000 0.01519511673206
5.33000000000000 0.01501070997560
5.34000000000000 0.01444273716571
5.35000000000000 0.01390426943686
5.36000000000000 0.01425095413900
5.37000000000000 0.01356496100498
5.38000000000000 0.01360921862653
5.39000000000000 0.01315188987051
5.40000000000000 0.01287159160070
5.41000000000000 0.01263555095244
5.42000000000000 0.01258391706063
5.43000000000000 0.01226673743952
5.44000000000000 0.01256178824985
5.45000000000000 0.01138896127879
5.46000000000000 0.01147010025163
5.47000000000000 0.01117504944129
5.48000000000000 0.01122668333310
5.49000000000000 0.01045217495598
5.50000000000000 0.01009073771333
5.51000000000000 0.01045217495598
5.52000000000000 0.00975142928145
5.53000000000000 0.00955964625473
5.54000000000000 0.00891053447200
5.55000000000000 0.00882201922890
5.56000000000000 0.00808439220308
5.57000000000000 0.00792949052765
5.58000000000000 0.00766394479835
5.59000000000000 0.00745003296086
5.60000000000000 0.00708859571821
5.61000000000000 0.00649111782729
5.62000000000000 0.00629195853031
5.63000000000000 0.00601166026050
5.64000000000000 0.00553957896397
5.65000000000000 0.00489784345150
5.66000000000000 0.00446264350626
5.67000000000000 0.00392417577741
5.68000000000000 0.00295788437357
5.69000000000000 0.00160065064605
5.70000000000000 0.00000000000000
