0.00000000000000 0.00000000000000
0.01000000000000 0.00000000000000
0.02000000000000 0.00081597738555
0.03000000000000 0.00146223147490
0.04000000000000 0.00217376375509
0.05000000000000 0.00319863135134
0.06000000000000 0.00516350489573
0.07000000000000 0.01144979467398
0.08000000000000 0.02615697107106
0.09000000000000 0.05381534053152
0.10000000000000 0.09550852102336
0.11000000000000 0.14509383478821
0.12000000000000 0.19494678913552
0.13000000000000 0.24847490562732
0.14000000000000 0.30522123692772
0.15000000000000 0.36771204902235
0.16000000000000 0.43258551508279
0.17000000000000 0.50098400344878
0.18000000000000 0.55844186702937
0.19000000000000 0.61974461605065
0.20000000000000 0.66489754065722
0.21000000000000 0.70242597257324
0.22000000000000 0.73601812958139
0.23000000000000 0.77127488045605
0.24000000000000 0.79628948318734
0.25000000000000 0.82338646020654
0.26000000000000 0.85005912898527
0.27000000000000 0.86622853685724
0.28000000000000 0.87737152403426
0.29000000000000 0.87517817682191
0.30000000000000 0.88028293134588
0.31000000000000 0.87798513902818
0.32000000000000 0.87730624584341
0.33000000000000 0.87152259813466
0.34000000000000 0.86436158059911
0.35000000000000 0.85791209534376
0.36000000000000 0.85033982520589
0.37000000000000 0.84087448753356
0.38000000000000 0.82986205673824
0.39000000000000 0.82032491305598
0.40000000000000 0.80603551708030
0.41000000000000 0.78955930171136
0.42000000000000 0.79071472568929
0.43000000000000 0.77222794204237
0.44000000000000 0.76090217593099
0.45000000000000 0.75254656750300
0.46000000000000 0.73868800758689
0.47000000000000 0.72617417840217
0.48000000000000 0.71781856997417
0.49000000000000 0.70525904605585
0.50000000000000 0.69828080745466
0.51000000000000 0.89627608810258
0.52000000000000 0.66984562752316
0.53000000000000 0.65984500868592
0.54000000000000 0.65133273259990
0.55000000000000 0.64257892720777
0.56000000000000 0.63332900756522
0.57000000000000 0.61853044170097
0.58000000000000 0.61161095347153
0.59000000000000 0.59901226263871
0.60000000000000 0.59598988240264
0.61000000000000 0.58656371164482
0.62000000000000 0.57812976938782
0.63000000000000 0.56993735643694
0.64000000000000 0.56026965637299
0.65000000000000 0.55319350048554
0.66000000000000 0.54370205153687
0.67000000000000 0.54147606522910
0.68000000000000 0.52917765407416
0.69000000000000 0.52279997482873
0.70000000000000 0.51537131671073
0.71000000000000 0.51220532445480
0.72000000000000 0.50266165295346
0.73000000000000 0.49666258721493
0.74000000000000 0.48996504483437
0.75000000000000 0.48431848132639
0.76000000000000 0.47818885920617
0.77000000000000 0.47019880864691
0.78000000000000 0.46222181372581
0.79000000000000 0.45860540195307
0.80000000000000 0.45649691638882
0.81000000000000 0.44943381613954
0.82000000000000 0.44058209346114
0.83000000000000 0.43757276886325
0.84000000000000 0.43546428329899
0.85000000000000 0.42791812443746
0.86000000000000 0.42172322412640
0.87000000000000 0.41702972220474
0.88000000000000 0.41170302183190
0.89000000000000 0.40833466718437
0.90000000000000 0.39904558062731
0.91000000000000 0.40028586625334
0.92000000000000 0.39343165621476
0.93000000000000 0.39109469698255
0.94000000000000 0.38337881482483
0.95000000000000 0.38335270354850
0.96000000000000 0.37764086184968
0.97000000000000 0.37444223049834
0.98000000000000 0.36902414065831
0.99000000000000 0.36588425967873
1.00000000000000 0.35979380447302
1.01000000000000 0.35684975806597
1.02000000000000 0.35563558371628
1.03000000000000 0.35671920168428
1.04000000000000 0.34902943080290
1.05000000000000 0.34756067150892
1.06000000000000 0.34013201339091
1.07000000000000 0.33805616692208
1.08000000000000 0.33415905892871
1.09000000000000 0.32989639306662
1.10000000000000 0.33084292683385
1.11000000000000 0.32390385514717
1.12000000000000 0.32315315595247
1.13000000000000 0.31884479535679
1.14000000000000 0.31588769331157
1.15000000000000 0.31022154634635
1.16000000000000 0.31112891319907
1.17000000000000 0.30825667280195
1.18000000000000 0.30583485192165
1.19000000000000 0.29944411703805
1.20000000000000 0.29830827651737
1.21000000000000 0.29611492930502
1.22000000000000 0.29243976716053
1.23000000000000 0.28908446815116
1.24000000000000 0.28837946369005
1.25000000000000 0.28344443246227
1.26000000000000 0.28223025811258
1.27000000000000 0.27773911858253
1.28000000000000 0.27747147800007
1.29000000000000 0.27685786300614
1.30000000000000 0.27249075203870
1.31000000000000 0.26860017186442
1.32000000000000 0.26461820222296
1.33000000000000 0.26516653902604
1.34000000000000 0.26188957384569
1.35000000000000 0.25922622365927
1.36000000000000 0.25701329298967
1.37000000000000 0.25448049918494
1.38000000000000 0.25518550364605
1.39000000000000 0.25007422130299
1.40000000000000 0.24666017192187
1.41000000000000 0.24910157625942
1.42000000000000 0.24489113295000
1.43000000000000 0.24055666107798
1.44000000000000 0.23966234986342
1.45000000000000 0.23620260574871
1.46000000000000 0.23690761020982
1.47000000000000 0.23227938647901
1.48000000000000 0.23128063015910
1.49000000000000 0.22957034155899
1.50000000000000 0.22981187086512
1.51000000000000 0.22323182922807
1.52000000000000 0.22473322761748
1.53000000000000 0.22344724725786
1.54000000000000 0.22150848498980
1.55000000000000 0.21978514075153
1.56000000000000 0.21678887179181
1.57000000000000 0.21657345376202
1.58000000000000 0.21208884205106
1.59000000000000 0.21154050524797
1.60000000000000 0.20808728895234
1.61000000000000 0.20788492656073
1.62000000000000 0.20942549186464
1.63000000000000 0.20830270698213
1.64000000000000 0.20466671175214
1.65000000000000 0.20330892538259
1.66000000000000 0.20007112711675
1.67000000000000 0.20045626844272
1.68000000000000 0.19892223095789
1.69000000000000 0.19599776800810
1.70000000000000 0.19646777098217
1.71000000000000 0.19428095158891
1.72000000000000 0.19109537587574
1.73000000000000 0.18884980611072
1.74000000000000 0.18760299266560
1.75000000000000 0.18736799117857
1.76000000000000 0.18529867252882
1.77000000000000 0.18397352525470
1.78000000000000 0.18331421552717
1.79000000000000 0.18116656304842
1.80000000000000 0.18134934198278
1.81000000000000 0.17853585195742
1.82000000000000 0.17586597395191
1.83000000000000 0.17632944910690
1.84000000000000 0.17529805369157
1.85000000000000 0.17388804476935
1.86000000000000 0.17149233516539
1.87000000000000 0.17309817866014
1.88000000000000 0.17012802097675
1.89000000000000 0.16912273683776
1.90000000000000 0.16647244228951
1.91000000000000 0.16414853869548
1.92000000000000 0.16467076422222
1.93000000000000 0.16384173119851
1.94000000000000 0.16309103200381
1.95000000000000 0.16078018404794
1.96000000000000 0.15918739619136
1.97000000000000 0.15923309092495
1.98000000000000 0.15682432568282
1.99000000000000 0.15833225189130
2.00000000000000 0.15601487611635
2.01000000000000 0.15252249290622
2.02000000000000 0.15453958900328
2.03000000000000 0.15033567351296
2.04000000000000 0.15224832450468
2.05000000000000 0.15077956521069
2.06000000000000 0.14812927066244
2.07000000000000 0.14812274284335
2.08000000000000 0.14898441496250
2.09000000000000 0.14628189786156
2.10000000000000 0.14594245126918
2.11000000000000 0.14562258813404
2.12000000000000 0.14380132660951
2.13000000000000 0.14542022574243
2.14000000000000 0.14225423348651
2.15000000000000 0.14274381991783
2.16000000000000 0.14047866669557
2.17000000000000 0.13885323974355
2.18000000000000 0.13763253757478
2.19000000000000 0.13484515882575
2.20000000000000 0.13595488807010
2.21000000000000 0.13551752419144
2.22000000000000 0.13235805975461
2.23000000000000 0.13420543255548
2.24000000000000 0.13293250783404
2.25000000000000 0.13482557536850
2.26000000000000 0.12865678633378
2.27000000000000 0.12981873813079
2.28000000000000 0.12875470362004
2.29000000000000 0.12910067803151
2.30000000000000 0.12485759562668
2.31000000000000 0.12472051142591
2.32000000000000 0.12697913682909
2.33000000000000 0.12505995801829
2.34000000000000 0.12472703924498
2.35000000000000 0.12382620021135
2.36000000000000 0.12156104698907
2.37000000000000 0.12131298986387
2.38000000000000 0.11996825913248
2.39000000000000 0.12078423651803
2.40000000000000 0.11943950578665
2.41000000000000 0.11633879172158
2.42000000000000 0.11827755398963
2.43000000000000 0.11663254358038
2.44000000000000 0.11462850312147
2.45000000000000 0.11699810144910
2.46000000000000 0.11579698273757
2.47000000000000 0.11349266260080
2.48000000000000 0.11323807765650
2.49000000000000 0.11236334989920
2.50000000000000 0.11152778905640
2.51000000000000 0.11135806576021
2.52000000000000 0.11148862214189
2.53000000000000 0.10856415919210
2.54000000000000 0.11088806278613
2.55000000000000 0.10943888694940
2.56000000000000 0.10912555163335
2.57000000000000 0.10667761947671
2.58000000000000 0.10705623298361
2.59000000000000 0.10682123149657
2.60000000000000 0.10432107678726
2.61000000000000 0.10420357604374
2.62000000000000 0.10313301371391
2.63000000000000 0.10308731898031
2.64000000000000 0.10392287982311
2.65000000000000 0.10240189797645
2.66000000000000 0.10092008304431
2.67000000000000 0.10164467096267
2.68000000000000 0.09887034785181
2.69000000000000 0.10011716129692
2.70000000000000 0.09807395392352
2.71000000000000 0.09816534339070
2.72000000000000 0.09727103217614
2.73000000000000 0.09924896135870
2.74000000000000 0.09494712858211
2.75000000000000 0.09576310596765
2.76000000000000 0.09475129400958
2.77000000000000 0.09628533149440
2.78000000000000 0.09477740528592
2.79000000000000 0.09457504289430
2.80000000000000 0.09197044307964
2.81000000000000 0.09220544456668
2.82000000000000 0.09108265968416
2.83000000000000 0.09067793490093
2.84000000000000 0.09231641749111
2.85000000000000 0.08948987182758
2.86000000000000 0.09032543267037
2.87000000000000 0.08986848533447
2.88000000000000 0.08738138626333
2.89000000000000 0.08734874716791
2.90000000000000 0.08740749753966
2.91000000000000 0.08730305243432
2.92000000000000 0.08806680726718
2.93000000000000 0.08786444487557
2.94000000000000 0.08591262696934
2.95000000000000 0.08587346005484
2.96000000000000 0.08452220150437
2.97000000000000 0.08422844964558
2.98000000000000 0.08465275788606
2.99000000000000 0.08240066030196
3.00000000000000 0.08317094295391
3.01000000000000 0.08096454010340
3.02000000000000 0.08197635206147
3.03000000000000 0.08003106197433
3.04000000000000 0.08157162727824
3.05000000000000 0.07988744995448
3.06000000000000 0.08003106197433
3.07000000000000 0.07916938985520
3.08000000000000 0.07903230565442
3.09000000000000 0.07880383198647
3.10000000000000 0.07780507566656
3.11000000000000 0.07831424555514
3.12000000000000 0.07817063353529
3.13000000000000 0.07801396587726
3.14000000000000 0.07692382009017
3.15000000000000 0.07614048180005
3.16000000000000 0.07582061866492
3.17000000000000 0.07544200515802
3.18000000000000 0.07485450144043
3.19000000000000 0.07501116909845
3.20000000000000 0.07443672101903
3.21000000000000 0.07426699772283
3.22000000000000 0.07390143985411
3.23000000000000 0.07395366240678
3.24000000000000 0.07407769096939
3.25000000000000 0.07475005633508
3.26000000000000 0.07082683706538
3.27000000000000 0.07262851513266
3.28000000000000 0.07012183260426
3.29000000000000 0.07064405813101
3.30000000000000 0.06840501618508
3.31000000000000 0.07100308818065
3.32000000000000 0.06833973799423
3.33000000000000 0.06858126730035
3.34000000000000 0.06936460559047
3.35000000000000 0.06856821166219
3.36000000000000 0.06861390639577
3.37000000000000 0.06771959518122
3.38000000000000 0.06744542677967
3.39000000000000 0.06636180881167
3.40000000000000 0.06769348390488
3.41000000000000 0.06608111259104
3.42000000000000 0.06493874425127
3.43000000000000 0.06546749759711
3.44000000000000 0.06469068712607
3.45000000000000 0.06542833068260
3.46000000000000 0.06493874425127
3.47000000000000 0.06446221345812
3.48000000000000 0.06340470676645
3.49000000000000 0.06269317448626
3.50000000000000 0.06298692634505
3.51000000000000 0.06153775050832
3.52000000000000 0.06247775645647
3.53000000000000 0.06068913402735
3.54000000000000 0.06121788737319
3.55000000000000 0.06103510843883
3.56000000000000 0.06196205874880
3.57000000000000 0.06076094003728
3.58000000000000 0.05931829201964
3.59000000000000 0.05942273712499
3.60000000000000 0.06011468594793
3.61000000000000 0.06001024084258
3.62000000000000 0.05858064846310
3.63000000000000 0.05859370410127
3.64000000000000 0.05822814623255
3.65000000000000 0.05835870261423
3.66000000000000 0.05726855682715
3.67000000000000 0.05641994034618
3.68000000000000 0.05660924709963
3.69000000000000 0.05749703049510
3.70000000000000 0.05610660503013
3.71000000000000 0.05660271928054
3.72000000000000 0.05570840806598
3.73000000000000 0.05534285019726
3.74000000000000 0.05489895849952
3.75000000000000 0.05544076748352
3.76000000000000 0.05344978266279
3.77000000000000 0.05522534945374
3.78000000000000 0.05349547739638
3.79000000000000 0.05512743216747
3.80000000000000 0.05236616469479
3.81000000000000 0.05292102931696
3.82000000000000 0.05174602188177
3.83000000000000 0.05264033309633
3.84000000000000 0.05162199331917
3.85000000000000 0.05249019325739
3.86000000000000 0.05328005936660
3.87000000000000 0.05189616172071
3.88000000000000 0.05117810162143
3.89000000000000 0.05032295732138
3.90000000000000 0.05062976481834
3.91000000000000 0.04964406413661
3.92000000000000 0.05094310013439
3.93000000000000 0.04999656636716
3.94000000000000 0.04972239796562
3.95000000000000 0.04903697696176
3.96000000000000 0.04874975292205
3.97000000000000 0.04894558749458
3.98000000000000 0.04836461159607
3.99000000000000 0.04916753334345
4.00000000000000 0.04910225515260
4.01000000000000 0.04692849139751
4.02000000000000 0.04653029443336
4.03000000000000 0.04720918761814
4.04000000000000 0.04690890794026
4.05000000000000 0.04829933340522
4.06000000000000 0.04453930961263
4.07000000000000 0.04665432299597
4.08000000000000 0.04632140422266
4.09000000000000 0.04607334709746
4.10000000000000 0.04515292460656
4.11000000000000 0.04523778625466
4.12000000000000 0.04440875323095
4.13000000000000 0.04460458780348
4.14000000000000 0.04384736078969
4.15000000000000 0.04318152324308
4.16000000000000 0.04453930961263
4.17000000000000 0.04434347504010
4.18000000000000 0.04337735781561
4.19000000000000 0.04377555477976
4.20000000000000 0.04289429920337
4.21000000000000 0.04222846165677
4.22000000000000 0.04255485261098
4.23000000000000 0.04246999096289
4.24000000000000 0.04209790527508
4.25000000000000 0.04231985112395
4.26000000000000 0.04205873836057
4.27000000000000 0.04064220161927
4.28000000000000 0.04051817305666
4.29000000000000 0.04006122572076
4.30000000000000 0.04158873538650
4.31000000000000 0.04034192194138
4.32000000000000 0.04019178210244
4.33000000000000 0.04056386779025
4.34000000000000 0.04047247832307
4.35000000000000 0.03925177615430
4.36000000000000 0.03892538520008
4.37000000000000 0.03921913705887
4.38000000000000 0.03767857175496
4.39000000000000 0.03885357919015
4.40000000000000 0.03952594455584
4.41000000000000 0.03811593563362
4.42000000000000 0.03872955062755
4.43000000000000 0.03745662590609
4.44000000000000 0.03776343340306
4.45000000000000 0.03739787553434
4.46000000000000 0.03684301091216
4.47000000000000 0.03811593563361
4.48000000000000 0.03711717931371
4.49000000000000 0.03608578389838
4.50000000000000 0.03587036586859
4.51000000000000 0.03664064852055
4.52000000000000 0.03592258842127
4.53000000000000 0.03604661698387
4.54000000000000 0.03647092522436
4.55000000000000 0.03493035992044
4.56000000000000 0.03448646822271
4.57000000000000 0.03464313588073
4.58000000000000 0.03468883061432
4.59000000000000 0.03515883358839
4.60000000000000 0.03461049678531
4.61000000000000 0.03376188030434
4.62000000000000 0.03379451939977
4.63000000000000 0.03325271041576
4.64000000000000 0.03316784876766
4.65000000000000 0.03301118110964
4.66000000000000 0.03190145186530
4.67000000000000 0.03239756611571
4.68000000000000 0.03240409393479
4.69000000000000 0.03256076159282
4.70000000000000 0.03172520075002
4.71000000000000 0.03220825936226
4.72000000000000 0.03220173154318
4.73000000000000 0.03130742032862
4.74000000000000 0.03099408501257
4.75000000000000 0.03151631053932
4.76000000000000 0.03126825341411
4.77000000000000 0.02970810465295
4.78000000000000 0.03070686097286
4.79000000000000 0.03002796778809
4.80000000000000 0.03023685799878
4.81000000000000 0.02938171369873
4.82000000000000 0.02933601896514
4.83000000000000 0.02970810465295
4.84000000000000 0.02961671518577
4.85000000000000 0.02865712578037
4.86000000000000 0.02799128823376
4.87000000000000 0.02867670923762
4.88000000000000 0.02845476338875
4.89000000000000 0.02742989579251
4.90000000000000 0.02724058903906
4.91000000000000 0.02712308829554
4.92000000000000 0.02747559052610
4.93000000000000 0.02668572441689
4.94000000000000 0.02598724777486
4.95000000000000 0.02680322516041
4.96000000000000 0.02705781010470
4.97000000000000 0.02613738761380
4.98000000000000 0.02594808086036
4.99000000000000 0.02637891691992
5.00000000000000 0.02582405229775
5.01000000000000 0.02585669139317
5.02000000000000 0.02610474851838
5.03000000000000 0.02501460273129
5.04000000000000 0.02568044027790
5.05000000000000 0.02536710496185
5.06000000000000 0.02477960124426
5.07000000000000 0.02471432305341
5.08000000000000 0.02487099071144
5.09000000000000 0.02377431710526
5.10000000000000 0.02324556375943
5.11000000000000 0.02389181784878
5.12000000000000 0.02417251406941
5.13000000000000 0.02345445397013
5.14000000000000 0.02350014870372
5.15000000000000 0.02277556078535
5.16000000000000 0.02327167503577
5.17000000000000 0.02252750366015
5.18000000000000 0.02210972323875
5.19000000000000 0.02200527813340
5.20000000000000 0.02245569765022
5.21000000000000 0.02146346914940
5.22000000000000 0.02162013680742
5.23000000000000 0.02169194281735
5.24000000000000 0.02117624510968
5.25000000000000 0.02122846766236
5.26000000000000 0.02100652181349
5.27000000000000 0.02005346022717
5.28000000000000 0.02028193389513
5.29000000000000 0.02078457596462
5.30000000000000 0.01985762565464
5.31000000000000 0.01898289789734
5.32000000000000 0.01961609634852
5.33000000000000 0.01928317757522
5.34000000000000 0.01975970836838
5.35000000000000 0.01900900917368
5.36000000000000 0.01888498061107
5.37000000000000 0.01838886636066
5.38000000000000 0.01895025880192
5.39000000000000 0.01888498061107
5.40000000000000 0.01809511450186
5.41000000000000 0.01779483482398
5.42000000000000 0.01757941679420
5.43000000000000 0.01730524839265
5.44000000000000 0.01732483184991
5.45000000000000 0.01774261227131
5.46000000000000 0.01755330551786
5.47000000000000 0.01632607553000
5.48000000000000 0.01621510260557
5.49000000000000 0.01558843197347
5.50000000000000 0.01624774170099
5.51000000000000 0.01633913116817
5.52000000000000 0.01575162745058
5.53000000000000 0.01547093122995
5.54000000000000 0.01500745607496
5.55000000000000 0.01531426357192
5.56000000000000 0.01545787559178
5.57000000000000 0.01488995533144
5.58000000000000 0.01399564411688
5.59000000000000 0.01429592379476
5.60000000000000 0.01384550427794
5.61000000000000 0.01375411481076
5.62000000000000 0.01333633438936
5.63000000000000 0.01379328172527
5.64000000000000 0.01314049981683
5.65000000000000 0.01231146679312
5.66000000000000 0.01275535849085
5.67000000000000 0.01236368934579
5.68000000000000 0.01186757509538
5.69000000000000 0.01208952094425
5.70000000000000 0.01188063073355
5.71000000000000 0.01088840223272
5.72000000000000 0.01190021419080
5.73000000000000 0.01129965483504
5.74000000000000 0.01064034510752
5.75000000000000 0.01024214814337
5.76000000000000 0.01020298122886
5.77000000000000 0.01003978575176
5.78000000000000 0.01009200830443
5.79000000000000 0.00913894671811
5.80000000000000 0.00931519783339
5.81000000000000 0.00914547453720
5.82000000000000 0.00920422490896
5.83000000000000 0.00881908358298
5.84000000000000 0.00857755427686
5.85000000000000 0.00814671821729
5.86000000000000 0.00767018742413
5.87000000000000 0.00741560247984
5.88000000000000 0.00741560247984
5.89000000000000 0.00685421003858
5.90000000000000 0.00670407019964
5.91000000000000 0.00617531685381
5.92000000000000 0.00618184467290
5.93000000000000 0.00519614399116
5.94000000000000 0.00523531090566
5.95000000000000 0.00475878011250
5.96000000000000 0.00442586133920
5.97000000000000 0.00358377267732
5.98000000000000 0.00285918475895
5.99000000000000 0.00126639690237
6.00000000000000 0.00000000000000
