0.00000000000000 0.00000000000000
0.01000000000000 0.00000000000000
0.02000000000000 0.00000000000000
0.03000000000000 0.00000000000000
0.04000000000000 0.00000000000000
0.05000000000000 0.00003727281868
0.06000000000000 0.00066718345430
0.07000000000000 0.00387264586042
0.08000000000000 0.01308835027802
0.09000000000000 0.03103893975231
0.10000000000000 0.08444529799199
0.11000000000000 0.12295371060694
0.12000000000000 0.16403581135146
0.13000000000000 0.20419540983374
0.14000000000000 0.24500914628379
0.15000000000000 0.28654224813429
0.16000000000000 0.32803621352517
0.17000000000000 0.37305246028092
0.18000000000000 0.41246846603062
0.19000000000000 0.44982328490756
0.20000000000000 0.48263641082884
0.21000000000000 0.50592260429657
0.22000000000000 0.53012943638559
0.23000000000000 0.55153148886927
0.24000000000000 0.57247322204229
0.25000000000000 0.59076672144839
0.26000000000000 0.60816567320628
0.27000000000000 0.62509685108978
0.28000000000000 0.63332668945341
0.29000000000000 0.63204450449095
0.30000000000000 0.63443555580901
0.31000000000000 0.63466664728480
0.32000000000000 0.63409450951813
0.33000000000000 0.63365841753962
0.34000000000000 0.63197182249454
0.35000000000000 0.63019390904370
0.36000000000000 0.62580317100368
0.37000000000000 0.62280084545935
0.38000000000000 0.61746710510683
0.39000000000000 0.61194700066094
0.40000000000000 0.60645112354719
0.41000000000000 0.59699687309006
0.42000000000000 0.59188863329053
0.43000000000000 0.58489997978881
0.44000000000000 0.57837910016147
0.45000000000000 0.57215267580167
0.46000000000000 0.56491615805576
0.47000000000000 0.55610672736173
0.48000000000000 0.54863352721722
0.49000000000000 0.54325692312323
0.50000000000000 0.53581540487459
0.51000000000000 0.76196823219028
0.52000000000000 0.51918054589957
0.53000000000000 0.51201484650913
0.54000000000000 0.50729424402384
0.55000000000000 0.50183191244689
0.56000000000000 0.49603412550187
0.57000000000000 0.48917779050645
0.58000000000000 0.48471623411095
0.59000000000000 0.47687216942062
0.60000000000000 0.47085820012727
0.61000000000000 0.46595123354859
0.62000000000000 0.46096599405070
0.63000000000000 0.45513093428700
0.64000000000000 0.45075324173352
0.65000000000000 0.44375527002713
0.66000000000000 0.44131762768573
0.67000000000000 0.43612552404418
0.68000000000000 0.42917973428394
0.69000000000000 0.42677936476121
0.70000000000000 0.41865948121269
0.71000000000000 0.41697474980853
0.72000000000000 0.41157764566427
0.73000000000000 0.40583576794726
0.74000000000000 0.40380812661129
0.75000000000000 0.39711951929991
0.76000000000000 0.39389542048445
0.77000000000000 0.39018863866714
0.78000000000000 0.38618553794135
0.79000000000000 0.38211720978288
0.80000000000000 0.37891174737676
0.81000000000000 0.37532610222015
0.82000000000000 0.37147022912813
0.83000000000000 0.36474248535714
0.84000000000000 0.36293102636949
0.85000000000000 0.36006101933145
0.86000000000000 0.35616228249796
0.87000000000000 0.35213309079910
0.88000000000000 0.35001413105738
0.89000000000000 0.34653284979306
0.90000000000000 0.34188679294511
0.91000000000000 0.33988151530035
0.92000000000000 0.33577405068227
0.93000000000000 0.33482732108791
0.94000000000000 0.33256113371242
0.95000000000000 0.32748271216784
0.96000000000000 0.32415611310101
0.97000000000000 0.32209119894637
0.98000000000000 0.31954546543081
0.99000000000000 0.31521436390068
1.00000000000000 0.31159330956632
1.01000000000000 0.31158399136165
1.02000000000000 0.30862639319972
1.03000000000000 0.30693234359091
1.04000000000000 0.30429901895146
1.05000000000000 0.30173837630843
1.06000000000000 0.29928396119862
1.07000000000000 0.29482054116219
1.08000000000000 0.29348803789453
1.09000000000000 0.29046334865898
1.10000000000000 0.28814684297828
1.11000000000000 0.28520229030289
1.12000000000000 0.28734734101768
1.13000000000000 0.28201732794704
1.14000000000000 0.28036241479783
1.15000000000000 0.27503053808626
1.16000000000000 0.27452921867506
1.17000000000000 0.27341103411479
1.18000000000000 0.27133307447361
1.19000000000000 0.26850034025424
1.20000000000000 0.26708024586269
1.21000000000000 0.26556137850165
1.22000000000000 0.26207823359640
1.23000000000000 0.26135514091408
1.24000000000000 0.25854849766779
1.25000000000000 0.25593567307862
1.26000000000000 0.25520512583257
1.27000000000000 0.25166420805836
1.28000000000000 0.25040065950525
1.29000000000000 0.24818851771684
1.30000000000000 0.24751201605788
1.31000000000000 0.24496255526045
1.32000000000000 0.24275786803577
1.33000000000000 0.24190991141090
1.34000000000000 0.23940517799588
1.35000000000000 0.23705139949650
1.36000000000000 0.23526416784099
1.37000000000000 0.23664698941387
1.38000000000000 0.23259543402380
1.39000000000000 0.23150893135940
1.40000000000000 0.22630937315413
1.41000000000000 0.22780401318302
1.42000000000000 0.22661501026726
1.43000000000000 0.22462277810904
1.44000000000000 0.22193727152345
1.45000000000000 0.22137817924331
1.46000000000000 0.22044635877641
1.47000000000000 0.21794162536139
1.48000000000000 0.21614134821935
1.49000000000000 0.21443611676493
1.50000000000000 0.21389193361226
1.51000000000000 0.21351920542551
1.52000000000000 0.21031001573752
1.53000000000000 0.21000251498344
1.54000000000000 0.20879860294021
1.55000000000000 0.20732632660251
1.56000000000000 0.20592859590217
1.57000000000000 0.20391213641181
1.58000000000000 0.20330831674926
1.59000000000000 0.20114276598419
1.60000000000000 0.20060603739526
1.61000000000000 0.19888776045430
1.62000000000000 0.20026312746344
1.63000000000000 0.19652466375025
1.64000000000000 0.19584629845035
1.65000000000000 0.19405347587205
1.66000000000000 0.19111265047853
1.67000000000000 0.19206869827756
1.68000000000000 0.19042869425582
1.69000000000000 0.18926205503127
1.70000000000000 0.18776182407956
1.71000000000000 0.18628209317813
1.72000000000000 0.18720459544036
1.73000000000000 0.18477627130363
1.74000000000000 0.18275608453140
1.75000000000000 0.18142730854560
1.76000000000000 0.18113471691900
1.77000000000000 0.18082721616492
1.78000000000000 0.17849766499768
1.79000000000000 0.17788452713047
1.80000000000000 0.17572270364727
1.81000000000000 0.17430447289665
1.82000000000000 0.17564815800991
1.83000000000000 0.17305024254821
1.84000000000000 0.17232342258403
1.85000000000000 0.17166555733440
1.86000000000000 0.17061446384774
1.87000000000000 0.16962673415283
1.88000000000000 0.16873218650461
1.89000000000000 0.16743322877376
1.90000000000000 0.16523040519002
1.91000000000000 0.16362581034602
1.92000000000000 0.16414203888468
1.93000000000000 0.16364817403723
1.94000000000000 0.16155716890951
1.95000000000000 0.16160003265099
1.96000000000000 0.16053403003686
1.97000000000000 0.15922575410134
1.98000000000000 0.15764165930761
1.99000000000000 0.15767334120349
2.00000000000000 0.15744784065050
2.01000000000000 0.15321737573080
2.02000000000000 0.15695397580304
2.03000000000000 0.15207682747931
2.04000000000000 0.15378392257467
2.05000000000000 0.15257441960863
2.06000000000000 0.15077786974846
2.07000000000000 0.15008459532108
2.08000000000000 0.14988518574117
2.09000000000000 0.14959073047363
2.10000000000000 0.14757054370140
2.11000000000000 0.14724440653798
2.12000000000000 0.14711208803169
2.13000000000000 0.14528012899377
2.14000000000000 0.14484217337433
2.15000000000000 0.14390476198463
2.16000000000000 0.14263562250872
2.17000000000000 0.14194607536321
2.18000000000000 0.14225357611730
2.19000000000000 0.14137021031467
2.20000000000000 0.14058002655875
2.21000000000000 0.13943388738446
2.22000000000000 0.13946370563941
2.23000000000000 0.13864370362853
2.24000000000000 0.13718633641831
2.25000000000000 0.13804547488879
2.26000000000000 0.13413928349156
2.27000000000000 0.13661978957444
2.28000000000000 0.13409269246822
2.29000000000000 0.13506737667659
2.30000000000000 0.13164573192215
2.31000000000000 0.13257009782531
2.32000000000000 0.13183395965646
2.33000000000000 0.13162895915375
2.34000000000000 0.13022936481246
2.35000000000000 0.12890990703134
2.36000000000000 0.12935531721451
2.37000000000000 0.12829676916413
2.38000000000000 0.12771158591091
2.39000000000000 0.12680585641709
2.40000000000000 0.12629894608309
2.41000000000000 0.12569512642055
2.42000000000000 0.12519380700936
2.43000000000000 0.12458626006494
2.44000000000000 0.12465148749762
2.45000000000000 0.12367493964832
2.46000000000000 0.12308230183137
2.47000000000000 0.12224366341117
2.48000000000000 0.12120561541104
2.49000000000000 0.12172184394971
2.50000000000000 0.12149634339671
2.51000000000000 0.11822565355791
2.52000000000000 0.12024211304827
2.53000000000000 0.11703851428309
2.54000000000000 0.11903074644131
2.55000000000000 0.11555505609979
2.56000000000000 0.11644960374801
2.57000000000000 0.11573955655223
2.58000000000000 0.11422814375493
2.59000000000000 0.11431200759694
2.60000000000000 0.11438096231150
2.61000000000000 0.11372496070280
2.62000000000000 0.11329259600616
2.63000000000000 0.11251732137770
2.64000000000000 0.11255832147825
2.65000000000000 0.11166563747096
2.66000000000000 0.11136186399876
2.67000000000000 0.11069095326259
2.68000000000000 0.11035922517638
2.69000000000000 0.10975167823195
2.70000000000000 0.10950940491057
2.71000000000000 0.10941063194107
2.72000000000000 0.10840612947776
2.73000000000000 0.10847694783324
2.74000000000000 0.10672698899641
2.75000000000000 0.10778367340587
2.76000000000000 0.10501243933733
2.77000000000000 0.10714444456558
2.78000000000000 0.10357370853644
2.79000000000000 0.10617907856187
2.80000000000000 0.10378057268009
2.81000000000000 0.10391475482732
2.82000000000000 0.10275370652556
2.83000000000000 0.10248347859017
2.84000000000000 0.10166534022023
2.85000000000000 0.10155724904607
2.86000000000000 0.10144543059004
2.87000000000000 0.10083229272283
2.88000000000000 0.10035892792564
2.89000000000000 0.09973833549469
2.90000000000000 0.09987065400099
2.91000000000000 0.09910842485907
2.92000000000000 0.09904133378545
2.93000000000000 0.09797160388946
2.94000000000000 0.09758955749803
2.95000000000000 0.09679937374210
2.96000000000000 0.09669314620887
2.97000000000000 0.09583028045653
2.98000000000000 0.09632228166305
2.99000000000000 0.09600546270431
3.00000000000000 0.09534573381374
3.01000000000000 0.09361068410438
3.02000000000000 0.09530846099506
3.03000000000000 0.09335536529645
3.04000000000000 0.09443627703805
3.05000000000000 0.09223531709525
3.06000000000000 0.09301245536463
3.07000000000000 0.09095499577373
3.08000000000000 0.09093449572346
3.09000000000000 0.09105376874322
3.10000000000000 0.09135381493356
3.11000000000000 0.09122522370913
3.12000000000000 0.08992812961921
3.13000000000000 0.08997099336068
3.14000000000000 0.08880249049520
3.15000000000000 0.08892921807869
3.16000000000000 0.08897394546111
3.17000000000000 0.08842603502657
3.18000000000000 0.08864780829770
3.19000000000000 0.08748862363687
3.20000000000000 0.08717366831907
3.21000000000000 0.08666675798507
3.22000000000000 0.08646175748236
3.23000000000000 0.08577221033685
3.24000000000000 0.08610021114120
3.25000000000000 0.08600889273544
3.26000000000000 0.08392347853053
3.27000000000000 0.08526157272099
3.28000000000000 0.08394770586267
3.29000000000000 0.08528207277126
3.30000000000000 0.08271211192357
3.31000000000000 0.08413593359698
3.32000000000000 0.08274193017851
3.33000000000000 0.08288915781228
3.34000000000000 0.08161442741356
3.35000000000000 0.08182874612095
3.36000000000000 0.08145415429325
3.37000000000000 0.08202815570087
3.38000000000000 0.08100688046914
3.39000000000000 0.08090065293592
3.40000000000000 0.08096960765047
3.41000000000000 0.08011046917999
3.42000000000000 0.07931283086033
3.43000000000000 0.07945446757130
3.44000000000000 0.07885996611342
3.45000000000000 0.07880405688540
3.46000000000000 0.07838660131623
3.47000000000000 0.07764487222459
3.48000000000000 0.07788714554598
3.49000000000000 0.07826919193741
3.50000000000000 0.07774737247594
3.51000000000000 0.07585018600534
3.52000000000000 0.07732432598397
3.53000000000000 0.07506559317222
3.54000000000000 0.07683605205932
3.55000000000000 0.07405549978610
3.56000000000000 0.07633286900719
3.57000000000000 0.07438163694952
3.58000000000000 0.07495750199806
3.59000000000000 0.07465372852585
3.60000000000000 0.07431081859403
3.61000000000000 0.07328208879858
3.62000000000000 0.07367904431748
3.63000000000000 0.07267640549509
3.64000000000000 0.07288699692061
3.65000000000000 0.07292613338022
3.66000000000000 0.07269690554537
3.67000000000000 0.07203531301387
3.68000000000000 0.07192908548065
3.69000000000000 0.07107553793297
3.70000000000000 0.07200549475893
3.71000000000000 0.07117244726152
3.72000000000000 0.07058540036738
3.73000000000000 0.06944671575683
3.74000000000000 0.06993685332242
3.75000000000000 0.07021267218062
3.76000000000000 0.06896962367778
3.77000000000000 0.07048662739789
3.78000000000000 0.06823534914987
3.79000000000000 0.07028349053610
3.80000000000000 0.06750480190382
3.81000000000000 0.06960139795434
3.82000000000000 0.06712089187146
3.83000000000000 0.06768930235627
3.84000000000000 0.06738180160219
3.85000000000000 0.06730352868297
3.86000000000000 0.06691030044594
3.87000000000000 0.06695689146929
3.88000000000000 0.06643134472596
3.89000000000000 0.06659534512813
3.90000000000000 0.06589275249609
3.91000000000000 0.06559643358762
3.92000000000000 0.06534670570249
3.93000000000000 0.06540447857144
3.94000000000000 0.06500379577067
3.95000000000000 0.06495161382453
3.96000000000000 0.06414652094113
3.97000000000000 0.06386138387826
3.98000000000000 0.06405706617630
3.99000000000000 0.06403283884417
4.00000000000000 0.06359301958379
4.01000000000000 0.06350170117803
4.02000000000000 0.06265560819410
4.03000000000000 0.06300783633058
4.04000000000000 0.06273760839518
4.05000000000000 0.06282892680093
4.06000000000000 0.06160637834837
4.07000000000000 0.06224001626586
4.08000000000000 0.06113860447399
4.09000000000000 0.06156724188876
4.10000000000000 0.06139205964098
4.11000000000000 0.06071928526388
4.12000000000000 0.06035401164086
4.13000000000000 0.05986387407527
4.14000000000000 0.06017323847028
4.15000000000000 0.05982660125660
4.16000000000000 0.05954891875746
4.17000000000000 0.05925446348992
4.18000000000000 0.05963278259948
4.19000000000000 0.05976510110578
4.20000000000000 0.05841582506972
4.21000000000000 0.05889478078970
4.22000000000000 0.05903828114160
4.23000000000000 0.05842887055625
4.24000000000000 0.05820523364420
4.25000000000000 0.05768900510554
4.26000000000000 0.05848850706613
4.27000000000000 0.05693795780922
4.28000000000000 0.05716904928501
4.29000000000000 0.05685036668533
4.30000000000000 0.05813255164778
4.31000000000000 0.05580486412147
4.32000000000000 0.05728459502291
4.33000000000000 0.05571168207479
4.34000000000000 0.05674973007490
4.35000000000000 0.05516563528118
4.36000000000000 0.05596886452365
4.37000000000000 0.05582350053081
4.38000000000000 0.05532218111962
4.39000000000000 0.05525509004600
4.40000000000000 0.05478172524882
4.41000000000000 0.05491963467792
4.42000000000000 0.05516936256305
4.43000000000000 0.05416672374067
4.44000000000000 0.05418536015001
4.45000000000000 0.05384245021819
4.46000000000000 0.05419840563655
4.47000000000000 0.05365422248387
4.48000000000000 0.05394122318768
4.49000000000000 0.05323117599191
4.50000000000000 0.05300194815705
4.51000000000000 0.05340449459875
4.52000000000000 0.05234594654836
4.53000000000000 0.05210367322696
4.54000000000000 0.05263667453403
4.55000000000000 0.05242794674944
4.56000000000000 0.05181480888223
4.57000000000000 0.05186885446931
4.58000000000000 0.05145139890014
4.59000000000000 0.05211485507256
4.60000000000000 0.05054566940631
4.61000000000000 0.05138244418559
4.62000000000000 0.05068916975822
4.63000000000000 0.05078607908677
4.64000000000000 0.05074507898622
4.65000000000000 0.05069662432195
4.66000000000000 0.05037607808134
4.67000000000000 0.05032575977613
4.68000000000000 0.05029035059838
4.69000000000000 0.04978344026439
4.70000000000000 0.04987662231108
4.71000000000000 0.04974616744572
4.72000000000000 0.04965484903996
4.73000000000000 0.04925230259826
4.74000000000000 0.04866339206318
4.75000000000000 0.04847889161074
4.76000000000000 0.04957471247980
4.77000000000000 0.04806889060530
4.78000000000000 0.04840620961432
4.79000000000000 0.04877148323734
4.80000000000000 0.04822916372561
4.81000000000000 0.04738866166447
4.82000000000000 0.04729175233591
4.83000000000000 0.04733647971832
4.84000000000000 0.04814716352452
4.85000000000000 0.04688734225328
4.86000000000000 0.04740543443287
4.87000000000000 0.04699729706837
4.88000000000000 0.04704575173265
4.89000000000000 0.04681279661592
4.90000000000000 0.04626674982233
4.91000000000000 0.04633943181874
4.92000000000000 0.04598347640039
4.93000000000000 0.04620338603057
4.94000000000000 0.04585674881689
4.95000000000000 0.04609902213828
4.96000000000000 0.04608597665175
4.97000000000000 0.04559770272709
4.98000000000000 0.04476651887062
4.99000000000000 0.04511874700711
5.00000000000000 0.04474974610222
5.01000000000000 0.04501251947388
5.02000000000000 0.04400988065150
5.03000000000000 0.04442360893881
5.04000000000000 0.04448697273055
5.05000000000000 0.04468265502860
5.06000000000000 0.04357565231393
5.07000000000000 0.04442547257974
5.08000000000000 0.04395024414162
5.09000000000000 0.04451492734456
5.10000000000000 0.04301283275192
5.11000000000000 0.04341910647549
5.12000000000000 0.04275192302119
5.13000000000000 0.04284137778602
5.14000000000000 0.04271651384345
5.15000000000000 0.04288610516843
5.16000000000000 0.04237546755257
5.17000000000000 0.04294760531924
5.18000000000000 0.04281342317201
5.19000000000000 0.04228414914681
5.20000000000000 0.04197105746994
5.21000000000000 0.04175301148068
5.22000000000000 0.04214064879491
5.23000000000000 0.04183873896364
5.24000000000000 0.04152378364582
5.25000000000000 0.04130760129750
5.26000000000000 0.04128523760630
5.27000000000000 0.04079882732258
5.28000000000000 0.04121069196895
5.29000000000000 0.04053791759185
5.30000000000000 0.04153496549142
5.31000000000000 0.04047641744103
5.32000000000000 0.04075596358110
5.33000000000000 0.04021550771030
5.34000000000000 0.04044473554516
5.35000000000000 0.03944023308185
5.36000000000000 0.04017264396883
5.37000000000000 0.04001982541225
5.38000000000000 0.04034782621660
5.39000000000000 0.03976637024526
5.40000000000000 0.03990241603343
5.41000000000000 0.03934332375329
5.42000000000000 0.03940482390410
5.43000000000000 0.03954646061507
5.44000000000000 0.03919609611952
5.45000000000000 0.03877118598661
5.46000000000000 0.03895755007999
5.47000000000000 0.03837050318584
5.48000000000000 0.03875814050008
5.49000000000000 0.03851959446055
5.50000000000000 0.03831086667597
5.51000000000000 0.03882336793276
5.52000000000000 0.03781886546945
5.53000000000000 0.03794559305294
5.54000000000000 0.03799404771722
5.55000000000000 0.03821395734741
5.56000000000000 0.03703613627725
5.57000000000000 0.03689449956628
5.58000000000000 0.03779091085544
5.59000000000000 0.03737345528627
5.60000000000000 0.03673795372785
5.61000000000000 0.03701563622698
5.62000000000000 0.03685163582481
5.63000000000000 0.03692618146216
5.64000000000000 0.03644536210124
5.65000000000000 0.03646772579245
5.66000000000000 0.03625899800786
5.67000000000000 0.03651618045673
5.68000000000000 0.03578190592881
5.69000000000000 0.03612667950156
5.70000000000000 0.03625527072599
5.71000000000000 0.03589558802577
5.72000000000000 0.03613972498810
5.73000000000000 0.03562536009037
5.74000000000000 0.03602977017301
5.75000000000000 0.03580426962002
5.76000000000000 0.03585272428429
5.77000000000000 0.03510726791078
5.78000000000000 0.03517808626626
5.79000000000000 0.03507185873304
5.80000000000000 0.03449413004356
5.81000000000000 0.03440094799687
5.82000000000000 0.03508490421957
5.83000000000000 0.03475503977429
5.84000000000000 0.03500476765942
5.85000000000000 0.03459849393585
5.86000000000000 0.03454258470784
5.87000000000000 0.03400399247797
5.88000000000000 0.03400958340077
5.89000000000000 0.03414562918894
5.90000000000000 0.03455190291251
5.91000000000000 0.03370021900577
5.92000000000000 0.03366108254616
5.93000000000000 0.03329021800033
5.94000000000000 0.03342999107037
5.95000000000000 0.03341321830196
5.96000000000000 0.03334799086928
5.97000000000000 0.03335917271488
5.98000000000000 0.03286158058556
5.99000000000000 0.03293798986384
6.00000000000000 0.03262303454603
6.01000000000000 0.03308708113854
6.02000000000000 0.03223726087274
6.03000000000000 0.03268267105591
6.04000000000000 0.03301253550120
6.05000000000000 0.03242735224798
6.06000000000000 0.03178439612583
6.07000000000000 0.03201921488348
6.08000000000000 0.03232298835569
6.09000000000000 0.03220371533593
6.10000000000000 0.03164462305579
6.11000000000000 0.03185335084038
6.12000000000000 0.03174339602528
6.13000000000000 0.03189248729998
6.14000000000000 0.03095693955122
6.15000000000000 0.03141725886187
6.16000000000000 0.03137066783852
6.17000000000000 0.03163344121019
6.18000000000000 0.03098489416523
6.19000000000000 0.03071466622983
6.20000000000000 0.03137998604319
6.21000000000000 0.03105571252071
6.22000000000000 0.03074262084383
6.23000000000000 0.03092339401441
6.24000000000000 0.03108553077565
6.25000000000000 0.03027111968759
6.26000000000000 0.03064571151528
6.27000000000000 0.02988720965523
6.28000000000000 0.03072025715263
6.29000000000000 0.03043139280789
6.30000000000000 0.03020030133210
6.31000000000000 0.02960952715609
6.32000000000000 0.03018166492277
6.33000000000000 0.02999902811125
6.34000000000000 0.02981825494067
6.35000000000000 0.02951820875034
6.36000000000000 0.02944739039485
6.37000000000000 0.02955361792808
6.38000000000000 0.02961511807889
6.39000000000000 0.02890693452405
6.40000000000000 0.02917529881852
6.41000000000000 0.02914548056358
6.42000000000000 0.02929270819735
6.43000000000000 0.02932252645228
6.44000000000000 0.02879884334989
6.45000000000000 0.02883238888670
6.46000000000000 0.02862925202492
6.47000000000000 0.02842052424033
6.48000000000000 0.02860875197464
6.49000000000000 0.02858266100157
6.50000000000000 0.02836275137138
6.51000000000000 0.02844475157247
6.52000000000000 0.02796393221155
6.53000000000000 0.02807388702665
6.54000000000000 0.02797325041622
6.55000000000000 0.02837206957605
6.56000000000000 0.02745888551849
6.57000000000000 0.02811302348626
6.58000000000000 0.02786888652393
6.59000000000000 0.02815775086866
6.60000000000000 0.02749429469624
6.61000000000000 0.02717933937843
6.62000000000000 0.02761170407507
6.63000000000000 0.02785770467832
6.64000000000000 0.02671156550404
6.65000000000000 0.02711038466388
6.66000000000000 0.02754088571958
6.67000000000000 0.02708429369080
6.68000000000000 0.02726133957951
6.69000000000000 0.02643201936398
6.70000000000000 0.02659601976615
6.71000000000000 0.02656061058841
6.72000000000000 0.02652520141066
6.73000000000000 0.02683642944661
6.74000000000000 0.02625497347527
6.75000000000000 0.02657179243401
6.76000000000000 0.02645065577331
6.77000000000000 0.02608910943216
6.78000000000000 0.02606860938189
6.79000000000000 0.02628479173021
6.80000000000000 0.02662956530295
6.81000000000000 0.02536415310891
6.82000000000000 0.02598288189893
6.83000000000000 0.02539397136385
6.84000000000000 0.02627360988460
6.85000000000000 0.02546478971934
6.86000000000000 0.02594560908026
6.87000000000000 0.02559710822564
6.88000000000000 0.02575551770501
6.89000000000000 0.02505665235484
6.90000000000000 0.02498210671748
6.91000000000000 0.02520760727047
6.92000000000000 0.02494483389881
6.93000000000000 0.02506597055950
6.94000000000000 0.02467833324528
6.95000000000000 0.02460378760793
6.96000000000000 0.02457769663485
6.97000000000000 0.02467274232247
6.98000000000000 0.02489265195266
6.99000000000000 0.02429815049478
7.00000000000000 0.02417515019315
7.01000000000000 0.02473424247329
7.02000000000000 0.02402978620032
7.03000000000000 0.02387510400281
7.04000000000000 0.02415092286101
7.05000000000000 0.02454787837991
7.06000000000000 0.02392542230802
7.07000000000000 0.02378937651986
7.08000000000000 0.02398878609977
7.09000000000000 0.02428696864918
7.10000000000000 0.02353405771193
7.11000000000000 0.02370737631877
7.12000000000000 0.02329923895427
7.13000000000000 0.02385087667067
7.14000000000000 0.02337564823256
7.15000000000000 0.02356014868500
7.16000000000000 0.02340733012843
7.17000000000000 0.02333651177295
7.18000000000000 0.02323028423972
7.19000000000000 0.02300851096860
7.20000000000000 0.02311287486089
7.21000000000000 0.02292464712658
7.22000000000000 0.02290228343537
7.23000000000000 0.02270101021452
7.24000000000000 0.02259664632223
7.25000000000000 0.02304578378727
7.26000000000000 0.02303460194167
7.27000000000000 0.02255191893982
7.28000000000000 0.02251091883928
7.29000000000000 0.02225373639041
7.30000000000000 0.02286501061669
7.31000000000000 0.02219782716240
7.32000000000000 0.02255937350356
7.33000000000000 0.02218664531680
7.34000000000000 0.02235064571897
7.35000000000000 0.02159773478172
7.36000000000000 0.02229100920909
7.37000000000000 0.02170768959681
7.38000000000000 0.02212141788411
7.39000000000000 0.02170768959681
7.40000000000000 0.02171887144241
7.41000000000000 0.02145050714795
7.42000000000000 0.02152691642623
7.43000000000000 0.02152132550343
7.44000000000000 0.02113555183014
7.45000000000000 0.02159959842265
7.46000000000000 0.02094918773676
7.47000000000000 0.02137409786966
7.48000000000000 0.02095664230049
7.49000000000000 0.02109268808866
7.50000000000000 0.02089141486781
7.51000000000000 0.02095477865956
7.52000000000000 0.02067336887856
7.53000000000000 0.02105914255185
7.54000000000000 0.02038077725195
7.55000000000000 0.02114859731667
7.56000000000000 0.02058577775467
7.57000000000000 0.02042736827530
7.58000000000000 0.02038264089289
7.59000000000000 0.02083550563980
7.60000000000000 0.02012732208496
7.61000000000000 0.02056155042253
7.62000000000000 0.02042923191623
7.63000000000000 0.02032859530580
7.64000000000000 0.01970241195205
7.65000000000000 0.02001736726986
7.66000000000000 0.01990368517290
7.67000000000000 0.02018509495390
7.68000000000000 0.02005836737040
7.69000000000000 0.01970241195205
7.70000000000000 0.01981982133088
7.71000000000000 0.01966513913338
7.72000000000000 0.01963532087843
7.73000000000000 0.01962972995563
7.74000000000000 0.01958686621416
7.75000000000000 0.01946572955346
7.76000000000000 0.01974341205259
7.77000000000000 0.01897372834694
7.78000000000000 0.01894204645106
7.79000000000000 0.01888240994118
7.80000000000000 0.01935950202023
7.81000000000000 0.01871281861621
7.82000000000000 0.01859354559645
7.83000000000000 0.01914704695378
7.84000000000000 0.01880413702196
7.85000000000000 0.01880413702196
7.86000000000000 0.01886004624998
7.87000000000000 0.01888986450492
7.88000000000000 0.01892900096453
7.89000000000000 0.01798413501110
7.90000000000000 0.01833077222478
7.91000000000000 0.01891036455519
7.92000000000000 0.01850222719069
7.93000000000000 0.01818354459101
7.94000000000000 0.01794313491055
7.95000000000000 0.01815931725887
7.96000000000000 0.01814068084953
7.97000000000000 0.01825622658743
7.98000000000000 0.01768222517982
7.99000000000000 0.01822827197342
8.00000000000000 0.01784063465919
8.01000000000000 0.01787604383694
8.02000000000000 0.01778286179025
8.03000000000000 0.01813136264486
8.04000000000000 0.01737286078481
8.05000000000000 0.01787604383694
8.06000000000000 0.01763190687461
8.07000000000000 0.01741199724442
8.08000000000000 0.01740826996255
8.09000000000000 0.01752754298232
8.10000000000000 0.01687713229642
8.11000000000000 0.01743249729469
8.12000000000000 0.01712126925875
8.13000000000000 0.01733372432520
8.14000000000000 0.01707281459447
8.15000000000000 0.01688272321922
8.16000000000000 0.01680817758187
8.17000000000000 0.01698522347058
8.18000000000000 0.01692558696070
8.19000000000000 0.01686408680989
8.20000000000000 0.01696285977937
8.21000000000000 0.01660131343822
8.22000000000000 0.01648017677752
8.23000000000000 0.01666840451184
8.24000000000000 0.01626585807014
8.25000000000000 0.01667585907557
8.26000000000000 0.01651931323713
8.27000000000000 0.01615590325504
8.28000000000000 0.01643917667698
8.29000000000000 0.01579249327296
8.30000000000000 0.01614844869131
8.31000000000000 0.01599003921194
8.32000000000000 0.01602544838968
8.33000000000000 0.01614099412757
8.34000000000000 0.01579249327296
8.35000000000000 0.01620994884212
8.36000000000000 0.01578876599109
8.37000000000000 0.01557444728370
8.38000000000000 0.01559867461584
8.39000000000000 0.01566576568946
8.40000000000000 0.01553903810596
8.41000000000000 0.01522967371095
8.42000000000000 0.01543840149553
8.43000000000000 0.01524085555655
8.44000000000000 0.01552040169662
8.45000000000000 0.01539553775405
8.46000000000000 0.01500976408076
8.47000000000000 0.01522408278815
8.48000000000000 0.01526135560682
8.49000000000000 0.01504330961757
8.50000000000000 0.01500976408076
8.51000000000000 0.01477680896404
8.52000000000000 0.01502467320823
8.53000000000000 0.01472089973602
8.54000000000000 0.01429785324405
8.55000000000000 0.01450285374677
8.56000000000000 0.01436121703580
8.57000000000000 0.01460908128000
8.58000000000000 0.01468735419922
8.59000000000000 0.01433885334460
8.60000000000000 0.01453826292451
8.61000000000000 0.01431276237152
8.62000000000000 0.01398662520811
8.63000000000000 0.01437612616327
8.64000000000000 0.01398476156718
8.65000000000000 0.01401271618118
8.66000000000000 0.01391767049356
8.67000000000000 0.01374062460485
8.68000000000000 0.01363066978976
8.69000000000000 0.01357103327987
8.70000000000000 0.01363066978976
8.71000000000000 0.01353003317933
8.72000000000000 0.01371080634991
8.73000000000000 0.01329707806261
8.74000000000000 0.01361389702135
8.75000000000000 0.01340144195490
8.76000000000000 0.01333062359942
8.77000000000000 0.01323930519366
8.78000000000000 0.01332503267661
8.79000000000000 0.01331385083101
8.80000000000000 0.01304921381841
8.81000000000000 0.01325794160300
8.82000000000000 0.01282744054729
8.83000000000000 0.01295416813079
8.84000000000000 0.01289266797997
8.85000000000000 0.01278084952395
8.86000000000000 0.01298585002666
8.87000000000000 0.01237457580038
8.88000000000000 0.01257584902123
8.89000000000000 0.01242303046466
8.90000000000000 0.01240998497812
8.91000000000000 0.01237084851851
8.92000000000000 0.01242862138746
8.93000000000000 0.01230003016303
8.94000000000000 0.01250130338388
8.95000000000000 0.01215466617019
8.96000000000000 0.01199066576802
8.97000000000000 0.01209316601938
8.98000000000000 0.01201116581829
8.99000000000000 0.01192543833534
9.00000000000000 0.01186952910732
9.01000000000000 0.01176889249690
9.02000000000000 0.01195339294934
9.03000000000000 0.01180802895651
9.04000000000000 0.01126198216291
9.05000000000000 0.01149307363870
9.06000000000000 0.01117439103902
9.07000000000000 0.01124148211263
9.08000000000000 0.01141480071948
9.09000000000000 0.01136634605520
9.10000000000000 0.01098429966377
9.11000000000000 0.01117066375715
9.12000000000000 0.01091720859015
9.13000000000000 0.01088366305335
9.14000000000000 0.01077929916105
9.15000000000000 0.01084825387560
9.16000000000000 0.01059852599048
9.17000000000000 0.01077929916105
9.18000000000000 0.01066188978223
9.19000000000000 0.01092652679482
9.20000000000000 0.01026866154520
9.21000000000000 0.01037861636029
9.22000000000000 0.01034879810535
9.23000000000000 0.01081657197973
9.24000000000000 0.01050534394379
9.25000000000000 0.01013820667983
9.26000000000000 0.01031152528667
9.27000000000000 0.01015125216637
9.28000000000000 0.00984188777136
9.29000000000000 0.00976920577494
9.30000000000000 0.00975056936560
9.31000000000000 0.00973752387906
9.32000000000000 0.00973193295626
9.33000000000000 0.00982138772109
9.34000000000000 0.00958656896343
9.35000000000000 0.00962197814117
9.36000000000000 0.00973006931533
9.37000000000000 0.00923620446787
9.38000000000000 0.00943002312499
9.39000000000000 0.00912811329371
9.40000000000000 0.00935175020577
9.41000000000000 0.00920265893107
9.42000000000000 0.00919147708546
9.43000000000000 0.00903865852889
9.44000000000000 0.00907034042477
9.45000000000000 0.00884856715365
9.46000000000000 0.00891006730446
9.47000000000000 0.00867897582867
9.48000000000000 0.00880570341217
9.49000000000000 0.00876097602976
9.50000000000000 0.00858393014105
9.51000000000000 0.00853547547677
9.52000000000000 0.00830252036004
9.53000000000000 0.00850192993996
9.54000000000000 0.00783474648566
9.55000000000000 0.00815902000814
9.56000000000000 0.00819070190402
9.57000000000000 0.00794283765982
9.58000000000000 0.00778815546232
9.59000000000000 0.00797451955570
9.60000000000000 0.00791115576395
9.61000000000000 0.00792420125048
9.62000000000000 0.00746015465797
9.63000000000000 0.00760365500987
9.64000000000000 0.00726819964179
9.65000000000000 0.00743406368490
9.66000000000000 0.00755706398653
9.67000000000000 0.00743592732583
9.68000000000000 0.00711165380335
9.69000000000000 0.00734833620194
9.70000000000000 0.00716197210856
9.71000000000000 0.00707251734374
9.72000000000000 0.00700915355199
9.73000000000000 0.00696442616958
9.74000000000000 0.00676688023060
9.75000000000000 0.00677247115340
9.76000000000000 0.00657865249629
9.77000000000000 0.00657119793255
9.78000000000000 0.00677060751247
9.79000000000000 0.00635315194330
9.80000000000000 0.00640347024851
9.81000000000000 0.00623015164167
9.82000000000000 0.00626742446034
9.83000000000000 0.00602328749802
9.84000000000000 0.00579965058596
9.85000000000000 0.00602701477988
9.86000000000000 0.00593010545133
9.87000000000000 0.00572883223048
9.88000000000000 0.00558905916044
9.89000000000000 0.00565987751593
9.90000000000000 0.00538405865773
9.91000000000000 0.00548842255002
9.92000000000000 0.00529460389290
9.93000000000000 0.00541574055360
9.94000000000000 0.00514364897727
9.95000000000000 0.00507283062178
9.96000000000000 0.00513805805447
9.97000000000000 0.00497219401136
9.98000000000000 0.00484360278693
9.99000000000000 0.00470942063969
10.00000000000000 0.00457896577433
10.01000000000000 0.00451373834164
10.02000000000000 0.00437769255348
10.03000000000000 0.00518464907781
10.04000000000000 0.00381114570961
10.05000000000000 0.00415591928236
10.06000000000000 0.00420810122850
10.07000000000000 0.00410001005434
10.08000000000000 0.00399191888018
10.09000000000000 0.00374032735412
10.10000000000000 0.00376082740439
10.11000000000000 0.00409255549061
10.12000000000000 0.00320359876519
10.13000000000000 0.00347382670059
10.14000000000000 0.00342723567724
10.15000000000000 0.00349432675086
10.16000000000000 0.00315887138278
10.17000000000000 0.00303400744021
10.18000000000000 0.00297623457127
10.19000000000000 0.00307500754076
10.20000000000000 0.00234818757658
10.21000000000000 0.00261282458918
10.22000000000000 0.00239291495899
10.23000000000000 0.00221586907028
10.24000000000000 0.00214505071479
10.25000000000000 0.00192327744367
10.26000000000000 0.00172200422282
10.27000000000000 0.00140145798221
10.28000000000000 0.00119832112043
10.29000000000000 0.00050318305212
10.30000000000000 0.00000000000000
