0.00000000000000 0.00000000000000
0.01000000000000 0.00000000000000
0.02000000000000 0.00000000000000
0.03000000000000 0.00000000000000
0.04000000000000 0.00000199373417
0.05000000000000 0.00005582455682
0.06000000000000 0.00060410145411
0.07000000000000 0.00400541195154
0.08000000000000 0.01343776831924
0.09000000000000 0.03205127054897
0.10000000000000 0.08412960085562
0.11000000000000 0.12497722657142
0.12000000000000 0.16681972563905
0.13000000000000 0.20672032762316
0.14000000000000 0.24777729542702
0.15000000000000 0.29045516911272
0.16000000000000 0.33317889868437
0.17000000000000 0.37853834483140
0.18000000000000 0.42063205440470
0.19000000000000 0.45888184449440
0.20000000000000 0.49085137194232
0.21000000000000 0.51587273580083
0.22000000000000 0.53927917498004
0.23000000000000 0.56125012555541
0.24000000000000 0.58353608612995
0.25000000000000 0.60256029759912
0.26000000000000 0.61886704939185
0.27000000000000 0.63438029498414
0.28000000000000 0.64207610888803
0.29000000000000 0.64600376520686
0.30000000000000 0.64694680147021
0.31000000000000 0.64456229540051
0.32000000000000 0.64557112489154
0.33000000000000 0.64224757002682
0.34000000000000 0.64380866388349
0.35000000000000 0.63962580959065
0.36000000000000 0.63593341390412
0.37000000000000 0.63264574625450
0.38000000000000 0.62594480570243
0.39000000000000 0.62097642014582
0.40000000000000 0.61446089687175
0.41000000000000 0.60654178474059
0.42000000000000 0.60077989298353
0.43000000000000 0.59268333851106
0.44000000000000 0.58548595815016
0.45000000000000 0.57959247993775
0.46000000000000 0.57309689400540
0.47000000000000 0.56582773921431
0.48000000000000 0.55735636271751
0.49000000000000 0.55044807381155
0.50000000000000 0.54216610206109
0.51000000000000 0.77118634639799
0.52000000000000 0.52605074874886
0.53000000000000 0.51962494351253
0.54000000000000 0.51402653795757
0.55000000000000 0.50851186923783
0.56000000000000 0.50320056140364
0.57000000000000 0.49292884294954
0.58000000000000 0.48933015276908
0.59000000000000 0.48393710183384
0.60000000000000 0.47691118261173
0.61000000000000 0.47305131325476
0.62000000000000 0.46614900555131
0.63000000000000 0.46048680050285
0.64000000000000 0.45737856892871
0.65000000000000 0.45063177249069
0.66000000000000 0.44441132187407
0.67000000000000 0.44059730840304
0.68000000000000 0.43529796297388
0.69000000000000 0.42948024666001
0.70000000000000 0.42455173578684
0.71000000000000 0.42222704174229
0.72000000000000 0.41544834555752
0.73000000000000 0.41262322423580
0.74000000000000 0.40821109051318
0.75000000000000 0.40389266229664
0.76000000000000 0.39882857749978
0.77000000000000 0.39404162175282
0.78000000000000 0.39163717834140
0.79000000000000 0.38547255228159
0.80000000000000 0.38126577317868
0.81000000000000 0.37823130976891
0.82000000000000 0.37502339148617
0.83000000000000 0.37065312618117
0.84000000000000 0.36856369276891
0.85000000000000 0.36391629841400
0.86000000000000 0.36033156437275
0.87000000000000 0.35763005456970
0.88000000000000 0.35435833679346
0.89000000000000 0.35091914534677
0.90000000000000 0.34728855541957
0.91000000000000 0.34287841543112
0.92000000000000 0.33916209493452
0.93000000000000 0.33712848607909
0.94000000000000 0.33404816678336
0.95000000000000 0.32986531249052
0.96000000000000 0.32939279749175
0.97000000000000 0.32415127035358
0.98000000000000 0.32123643099413
0.99000000000000 0.32031731954084
1.00000000000000 0.31510370468108
1.01000000000000 0.31292255949692
1.02000000000000 0.31030079906074
1.03000000000000 0.30986217754291
1.04000000000000 0.30505129698588
1.05000000000000 0.30323301142103
1.06000000000000 0.30080663693371
1.07000000000000 0.29829851934534
1.08000000000000 0.29513446321439
1.09000000000000 0.29541557973264
1.10000000000000 0.29179296474213
1.11000000000000 0.28904559905312
1.12000000000000 0.29032557639154
1.13000000000000 0.28418686887597
1.14000000000000 0.28049048572109
1.15000000000000 0.27688182686979
1.16000000000000 0.27810797338556
1.17000000000000 0.27538054503828
1.18000000000000 0.27173001776935
1.19000000000000 0.27145089498528
1.20000000000000 0.26876134758726
1.21000000000000 0.26709657955364
1.22000000000000 0.26471207348394
1.23000000000000 0.26127088830308
1.24000000000000 0.26181916520037
1.25000000000000 0.25867105894280
1.26000000000000 0.25606126091166
1.27000000000000 0.25453406053591
1.28000000000000 0.25281346794548
1.29000000000000 0.24956567497930
1.30000000000000 0.24917889054994
1.31000000000000 0.24683625289784
1.32000000000000 0.24425237341094
1.33000000000000 0.24287869056644
1.34000000000000 0.24127572829215
1.35000000000000 0.23915439513315
1.36000000000000 0.23763317595992
1.37000000000000 0.23871976108366
1.38000000000000 0.23385704343816
1.39000000000000 0.23339649084443
1.40000000000000 0.22846399250293
1.41000000000000 0.22841614288279
1.42000000000000 0.22758674946724
1.43000000000000 0.22689691744373
1.44000000000000 0.22469782865203
1.45000000000000 0.22237313460748
1.46000000000000 0.22208803062089
1.47000000000000 0.21981916113316
1.48000000000000 0.21750842322782
1.49000000000000 0.21742867386094
1.50000000000000 0.21447994102056
1.51000000000000 0.21363459773163
1.52000000000000 0.21276134216430
1.53000000000000 0.21163488235712
1.54000000000000 0.21033696141116
1.55000000000000 0.20769725736744
1.56000000000000 0.20628768730784
1.57000000000000 0.20602252066296
1.58000000000000 0.20437170876855
1.59000000000000 0.20210283928082
1.60000000000000 0.20166023029464
1.61000000000000 0.19935547359181
1.62000000000000 0.20031445972854
1.63000000000000 0.19754316922947
1.64000000000000 0.19637484100468
1.65000000000000 0.19483567822390
1.66000000000000 0.19267048291312
1.67000000000000 0.19280206936847
1.68000000000000 0.19163772861203
1.69000000000000 0.18940075887105
1.70000000000000 0.18891030026474
1.71000000000000 0.18783966501438
1.72000000000000 0.18635433305624
1.73000000000000 0.18654971900510
1.74000000000000 0.18321619546953
1.75000000000000 0.18349930572195
1.76000000000000 0.18191827452356
1.77000000000000 0.18105299389291
1.78000000000000 0.17920679604965
1.79000000000000 0.17815609814101
1.80000000000000 0.17786900042024
1.81000000000000 0.17687612080259
1.82000000000000 0.17507179137693
1.83000000000000 0.17439392175845
1.84000000000000 0.17114812252645
1.85000000000000 0.17169639942375
1.86000000000000 0.17116407239982
1.87000000000000 0.17163259993024
1.88000000000000 0.16893906506388
1.89000000000000 0.16624951766586
1.90000000000000 0.16708688601810
1.91000000000000 0.16317717330682
1.92000000000000 0.16436145140498
1.93000000000000 0.16378526222928
1.94000000000000 0.16280434501666
1.95000000000000 0.16215239394241
1.96000000000000 0.16097808451511
1.97000000000000 0.15956253325299
1.98000000000000 0.15936116610162
1.99000000000000 0.15803932034559
2.00000000000000 0.15827856844623
2.01000000000000 0.15384450364772
2.02000000000000 0.15691684800675
2.03000000000000 0.15195843112101
2.04000000000000 0.15322245858606
2.05000000000000 0.15286558016926
2.06000000000000 0.15259044485354
2.07000000000000 0.15013017688529
2.08000000000000 0.14941243258338
2.09000000000000 0.14996469694901
2.10000000000000 0.14846142138334
2.11000000000000 0.14739477360131
2.12000000000000 0.14692823980507
2.13000000000000 0.14633211328764
2.14000000000000 0.14493251189891
2.15000000000000 0.14411308715421
2.16000000000000 0.14393365107874
2.17000000000000 0.14246028152563
2.18000000000000 0.14276931032229
2.19000000000000 0.14169070013524
2.20000000000000 0.14065993956833
2.21000000000000 0.14016748722784
2.22000000000000 0.13886757254770
2.23000000000000 0.13780690596820
2.24000000000000 0.13805612273970
2.25000000000000 0.13810197862565
2.26000000000000 0.13485019819114
2.27000000000000 0.13685390103398
2.28000000000000 0.13324922965102
2.29000000000000 0.13541442496180
2.30000000000000 0.13191741522413
2.31000000000000 0.13254544148831
2.32000000000000 0.13144091275702
2.33000000000000 0.13161436762999
2.34000000000000 0.12918799314267
2.35000000000000 0.12937540415484
2.36000000000000 0.12917403700346
2.37000000000000 0.12897466358627
2.38000000000000 0.12729195194510
2.39000000000000 0.12694902966752
2.40000000000000 0.12588238188550
2.41000000000000 0.12583453226538
2.42000000000000 0.12542182929177
2.43000000000000 0.12495928296388
2.44000000000000 0.12416777049759
2.45000000000000 0.12321476556338
2.46000000000000 0.12276617537468
2.47000000000000 0.12232556012267
2.48000000000000 0.12124694993562
2.49000000000000 0.12088409031632
2.50000000000000 0.12182513284550
2.51000000000000 0.11780975222311
2.52000000000000 0.11951638867433
2.53000000000000 0.11647195659370
2.54000000000000 0.11886643133426
2.55000000000000 0.11567645665907
2.56000000000000 0.11730135000925
2.57000000000000 0.11597152931652
2.58000000000000 0.11552293912783
2.59000000000000 0.11558474488716
2.60000000000000 0.11423698058689
2.61000000000000 0.11319824508328
2.62000000000000 0.11188038679560
2.63000000000000 0.11183453090964
2.64000000000000 0.11246654464216
2.65000000000000 0.11148562742954
2.66000000000000 0.11136600337922
2.67000000000000 0.11077984553265
2.68000000000000 0.11095928160814
2.69000000000000 0.10956964889025
2.70000000000000 0.10825179060257
2.71000000000000 0.10849303243737
2.72000000000000 0.10752009016145
2.73000000000000 0.10752806509813
2.74000000000000 0.10672459022682
2.75000000000000 0.10698975687169
2.76000000000000 0.10543065674920
2.77000000000000 0.10583139731776
2.78000000000000 0.10419653529673
2.79000000000000 0.10521134599027
2.80000000000000 0.10270522213608
2.81000000000000 0.10369212055122
2.82000000000000 0.10326745517258
2.83000000000000 0.10360040877931
2.84000000000000 0.10212305175786
2.85000000000000 0.10138736384839
2.86000000000000 0.10032869100306
2.87000000000000 0.10119995283623
2.88000000000000 0.09965082138458
2.89000000000000 0.09906665727219
2.90000000000000 0.09991997549780
2.91000000000000 0.09867787910865
2.92000000000000 0.09894304575353
2.93000000000000 0.09778069873126
2.94000000000000 0.09799004081931
2.95000000000000 0.09677984417692
2.96000000000000 0.09613188057101
2.97000000000000 0.09614982417857
2.98000000000000 0.09559357234458
2.99000000000000 0.09560553474961
3.00000000000000 0.09500342702967
3.01000000000000 0.09381715519733
3.02000000000000 0.09423783310762
3.03000000000000 0.09245144728952
3.04000000000000 0.09404045342459
3.05000000000000 0.09221020545471
3.06000000000000 0.09280633197213
3.07000000000000 0.09140872431757
3.08000000000000 0.09245144728952
3.09000000000000 0.09022444621940
3.10000000000000 0.09067104267393
3.11000000000000 0.09020650261185
3.12000000000000 0.08960638862608
3.13000000000000 0.08996127330869
3.14000000000000 0.08959243248688
3.15000000000000 0.08830248647760
3.16000000000000 0.08856765312247
3.17000000000000 0.08823270578158
3.18000000000000 0.08825064938913
3.19000000000000 0.08704842768341
3.20000000000000 0.08651211319115
3.21000000000000 0.08671348034252
3.22000000000000 0.08535175990305
3.23000000000000 0.08626289641965
3.24000000000000 0.08499488148626
3.25000000000000 0.08625093401461
3.26000000000000 0.08420935022250
3.27000000000000 0.08447052939902
3.28000000000000 0.08265025010000
3.29000000000000 0.08398405826106
3.30000000000000 0.08261436288490
3.31000000000000 0.08410766977972
3.32000000000000 0.08144204719177
3.33000000000000 0.08234919624003
3.34000000000000 0.08188864364629
3.35000000000000 0.08101738181313
3.36000000000000 0.08191057472218
3.37000000000000 0.08123868630623
3.38000000000000 0.08095158858546
3.39000000000000 0.08038736181478
3.40000000000000 0.07981715384159
3.41000000000000 0.07961977415857
3.42000000000000 0.07953204985500
3.43000000000000 0.07918514010907
3.44000000000000 0.07842153992120
3.45000000000000 0.07878639327467
3.46000000000000 0.07714355631695
3.47000000000000 0.07707975682345
3.48000000000000 0.07704586334252
3.49000000000000 0.07688038340625
3.50000000000000 0.07719539340542
3.51000000000000 0.07529137727117
3.52000000000000 0.07666306638150
3.53000000000000 0.07514982214496
3.54000000000000 0.07621447619280
3.55000000000000 0.07375221449039
3.56000000000000 0.07573597999152
3.57000000000000 0.07374623328787
3.58000000000000 0.07403532474281
3.59000000000000 0.07400541873023
3.60000000000000 0.07302450151761
3.61000000000000 0.07336144259268
3.62000000000000 0.07328368695997
3.63000000000000 0.07290487746729
3.64000000000000 0.07227884493729
3.65000000000000 0.07216520208948
3.66000000000000 0.07192794772302
3.67000000000000 0.07148135126849
3.68000000000000 0.07085133127014
3.69000000000000 0.07150926354689
3.70000000000000 0.06971689652627
3.71000000000000 0.07016149924663
3.72000000000000 0.07023127994265
3.73000000000000 0.06970294038707
3.74000000000000 0.06967104064032
3.75000000000000 0.07052037139758
3.76000000000000 0.06890145924993
3.77000000000000 0.06949359829901
3.78000000000000 0.06734834032995
3.79000000000000 0.06837710716269
3.80000000000000 0.06709114862176
3.81000000000000 0.06850470614970
3.82000000000000 0.06726061602638
3.83000000000000 0.06665053336975
3.84000000000000 0.06697949950812
3.85000000000000 0.06699345564733
3.86000000000000 0.06611421887748
3.87000000000000 0.06628966748462
3.88000000000000 0.06575933419486
3.89000000000000 0.06626773640873
3.90000000000000 0.06530875027199
3.91000000000000 0.06513330166486
3.92000000000000 0.06575534672652
3.93000000000000 0.06504956482964
3.94000000000000 0.06443150723632
3.95000000000000 0.06438166388202
3.96000000000000 0.06424010875581
3.97000000000000 0.06323526673312
3.98000000000000 0.06368385692182
3.99000000000000 0.06352435818806
4.00000000000000 0.06303988078427
4.01000000000000 0.06242581065929
4.02000000000000 0.06206095730582
4.03000000000000 0.06192937085047
4.04000000000000 0.06215466281190
4.05000000000000 0.06284848230375
4.06000000000000 0.06063743110702
4.07000000000000 0.06155454882613
4.08000000000000 0.06115779572591
4.09000000000000 0.06106807768817
4.10000000000000 0.06087269173931
4.11000000000000 0.06106209648565
4.12000000000000 0.06026859028520
4.13000000000000 0.05970635724869
4.14000000000000 0.05965252642605
4.15000000000000 0.05980604395729
4.16000000000000 0.05927571066754
4.17000000000000 0.05933951016105
4.18000000000000 0.05894475079499
4.19000000000000 0.05930761041430
4.20000000000000 0.05875733978283
4.21000000000000 0.05854201649225
4.22000000000000 0.05785417820291
4.23000000000000 0.05777243510186
4.24000000000000 0.05759100529221
4.25000000000000 0.05746340630520
4.26000000000000 0.05783822832953
4.27000000000000 0.05672373092739
4.28000000000000 0.05637283371312
4.29000000000000 0.05616947282758
4.30000000000000 0.05700883491398
4.31000000000000 0.05591427485356
4.32000000000000 0.05639277105484
4.33000000000000 0.05627115327035
4.34000000000000 0.05589832498018
4.35000000000000 0.05469012207196
4.36000000000000 0.05502506941285
4.37000000000000 0.05438508074364
4.38000000000000 0.05504301302040
4.39000000000000 0.05435517473106
4.40000000000000 0.05432925618683
4.41000000000000 0.05392054068157
4.42000000000000 0.05432327498431
4.43000000000000 0.05354970612557
4.44000000000000 0.05385275371972
4.45000000000000 0.05351780637883
4.46000000000000 0.05337625125261
4.47000000000000 0.05250698315362
4.48000000000000 0.05306722245596
4.49000000000000 0.05323270239223
4.50000000000000 0.05248903954608
4.51000000000000 0.05253290169786
4.52000000000000 0.05153204714352
4.53000000000000 0.05173540802906
4.54000000000000 0.05201253707897
4.55000000000000 0.05219396688862
4.56000000000000 0.05118912486594
4.57000000000000 0.05112931284078
4.58000000000000 0.05135261106804
4.59000000000000 0.05163572132046
4.60000000000000 0.05034577531118
4.61000000000000 0.05064882290533
4.62000000000000 0.05100370758794
4.63000000000000 0.05099373891708
4.64000000000000 0.04977756107216
4.65000000000000 0.04961806233841
4.66000000000000 0.04981145455309
4.67000000000000 0.04982740442647
4.68000000000000 0.05008459613465
4.69000000000000 0.04902392955515
4.70000000000000 0.04887041202391
4.71000000000000 0.04927514006082
4.72000000000000 0.04896611126416
4.73000000000000 0.04843378424024
4.74000000000000 0.04799117525406
4.75000000000000 0.04826830430397
4.76000000000000 0.04828425417734
4.77000000000000 0.04749473544523
4.78000000000000 0.04785560133036
4.79000000000000 0.04678097861166
4.80000000000000 0.04718171918023
4.81000000000000 0.04652179316930
4.82000000000000 0.04712988209176
4.83000000000000 0.04699630190223
4.84000000000000 0.04683680316847
4.85000000000000 0.04603133456299
4.86000000000000 0.04647593728334
4.87000000000000 0.04631245108124
4.88000000000000 0.04632441348627
4.89000000000000 0.04615693981582
4.90000000000000 0.04620279570178
4.91000000000000 0.04591569798101
4.92000000000000 0.04522985342585
4.93000000000000 0.04548903886820
4.94000000000000 0.04563458146276
4.95000000000000 0.04494873690760
4.96000000000000 0.04497266171766
4.97000000000000 0.04488493741409
4.98000000000000 0.04473141988285
4.99000000000000 0.04460980209836
5.00000000000000 0.04403760039100
5.01000000000000 0.04426488608660
5.02000000000000 0.04378439615115
5.03000000000000 0.04371262172096
5.04000000000000 0.04350527336707
5.05000000000000 0.04395186982160
5.06000000000000 0.04315636988697
5.07000000000000 0.04375050267023
5.08000000000000 0.04284734109032
5.09000000000000 0.04319026336789
5.10000000000000 0.04229906419302
5.11000000000000 0.04285730976118
5.12000000000000 0.04206180982655
5.13000000000000 0.04251837495194
5.14000000000000 0.04223526469951
5.15000000000000 0.04230703912971
5.16000000000000 0.04235887621818
5.17000000000000 0.04213557799091
5.18000000000000 0.04180661185253
5.19000000000000 0.04203589128231
5.20000000000000 0.04189034868776
5.21000000000000 0.04138194647390
5.22000000000000 0.04097522470281
5.23000000000000 0.04083765704495
5.24000000000000 0.04098918084202
5.25000000000000 0.04097522470281
5.26000000000000 0.04109086128479
5.27000000000000 0.04002221976860
5.28000000000000 0.04119054799339
5.29000000000000 0.04014383755309
5.30000000000000 0.04047080995730
5.31000000000000 0.03967331628850
5.32000000000000 0.03932441280840
5.33000000000000 0.03954172983315
5.34000000000000 0.04038707312207
5.35000000000000 0.03925662584656
5.36000000000000 0.03975904685790
5.37000000000000 0.03928254439079
5.38000000000000 0.03949786768137
5.39000000000000 0.03919282635305
5.40000000000000 0.03928055065662
5.41000000000000 0.03876018603773
5.42000000000000 0.03879009205031
5.43000000000000 0.03876217977190
5.44000000000000 0.03847508205113
5.45000000000000 0.03808431015342
5.46000000000000 0.03805440414084
5.47000000000000 0.03776132521756
5.48000000000000 0.03795870490059
5.49000000000000 0.03804244173581
5.50000000000000 0.03743435281335
5.51000000000000 0.03774936281252
5.52000000000000 0.03722501072529
5.53000000000000 0.03740444680077
5.54000000000000 0.03718114857351
5.55000000000000 0.03775534401504
5.56000000000000 0.03656508471436
5.57000000000000 0.03626602458856
5.58000000000000 0.03659100325860
5.59000000000000 0.03783708711609
5.60000000000000 0.03624808098102
5.61000000000000 0.03652122256258
5.62000000000000 0.03651324762589
5.63000000000000 0.03614839427242
5.64000000000000 0.03607462610805
5.65000000000000 0.03580148452649
5.66000000000000 0.03578553465311
5.67000000000000 0.03602478275375
5.68000000000000 0.03611450079149
5.69000000000000 0.03548448079314
5.70000000000000 0.03553631788162
5.71000000000000 0.03547451212228
5.72000000000000 0.03531501338852
5.73000000000000 0.03545457478056
5.74000000000000 0.03534093193276
5.75000000000000 0.03529706978098
5.76000000000000 0.03491826028829
5.77000000000000 0.03443378288450
5.78000000000000 0.03483252971890
5.79000000000000 0.03416064130294
5.80000000000000 0.03499202845266
5.81000000000000 0.03383566263290
5.82000000000000 0.03411677915116
5.83000000000000 0.03396525535408
5.84000000000000 0.03448163250463
5.85000000000000 0.03326744839389
5.86000000000000 0.03374594459516
5.87000000000000 0.03376189446854
5.88000000000000 0.03342694712765
5.89000000000000 0.03326146719137
5.90000000000000 0.03354856491214
5.91000000000000 0.03324551731799
5.92000000000000 0.03288863890121
5.93000000000000 0.03322159250793
5.94000000000000 0.03305611257166
5.95000000000000 0.03321361757124
5.96000000000000 0.03254771035780
5.97000000000000 0.03274907750917
5.98000000000000 0.03235830561146
5.99000000000000 0.03240017402907
6.00000000000000 0.03207320162486
6.01000000000000 0.03258559130706
6.02000000000000 0.03190772168859
6.03000000000000 0.03191170915693
6.04000000000000 0.03208516402989
6.05000000000000 0.03185987206846
6.06000000000000 0.03148704377830
6.07000000000000 0.03195756504289
6.08000000000000 0.03179407884078
6.09000000000000 0.03157676181603
6.10000000000000 0.03140330694307
6.11000000000000 0.03118399618415
6.12000000000000 0.03139931947473
6.13000000000000 0.03066761903360
6.14000000000000 0.03073739972963
6.15000000000000 0.03072743105877
6.16000000000000 0.03087297365332
6.17000000000000 0.03050812029985
6.18000000000000 0.03028482207258
6.19000000000000 0.03059185713507
6.20000000000000 0.03040045865456
6.21000000000000 0.02979835093462
6.22000000000000 0.03047223308475
6.23000000000000 0.03011336093379
6.24000000000000 0.03010937346545
6.25000000000000 0.02990003137739
6.26000000000000 0.03035061530026
6.27000000000000 0.02920023068302
6.28000000000000 0.02997978074427
6.29000000000000 0.02960097125159
6.30000000000000 0.02989405017487
6.31000000000000 0.02915636853124
6.32000000000000 0.02972258903608
6.33000000000000 0.02915636853124
6.34000000000000 0.02952720308722
6.35000000000000 0.02868983473499
6.36000000000000 0.02946140985955
6.37000000000000 0.02839276834336
6.38000000000000 0.02917829960712
6.39000000000000 0.02890515802556
6.40000000000000 0.02887325827881
6.41000000000000 0.02872970941843
6.42000000000000 0.02862404150731
6.43000000000000 0.02829507536893
6.44000000000000 0.02814953277438
6.45000000000000 0.02762318695297
6.46000000000000 0.02797009669890
6.47000000000000 0.02850840492533
6.48000000000000 0.02820934479954
6.49000000000000 0.02795215309135
6.50000000000000 0.02761521201628
6.51000000000000 0.02816747638192
6.52000000000000 0.02749758170014
6.53000000000000 0.02769695511734
6.54000000000000 0.02739390752319
6.55000000000000 0.02767502404144
6.56000000000000 0.02712275967580
6.57000000000000 0.02718257170096
6.58000000000000 0.02693534866363
6.59000000000000 0.02732612056134
6.60000000000000 0.02672600657558
6.61000000000000 0.02678980606908
6.62000000000000 0.02677784366405
6.63000000000000 0.02670806296802
6.64000000000000 0.02666619455042
6.65000000000000 0.02641498404474
6.66000000000000 0.02653859556341
6.67000000000000 0.02652065195586
6.68000000000000 0.02618570461496
6.69000000000000 0.02643890885481
6.70000000000000 0.02624551664012
6.71000000000000 0.02593648784347
6.72000000000000 0.02590857556506
6.73000000000000 0.02555369088244
6.74000000000000 0.02576103923633
6.75000000000000 0.02527855556671
6.76000000000000 0.02597636252690
6.77000000000000 0.02542609189544
6.78000000000000 0.02561150917343
6.79000000000000 0.02553375354072
6.80000000000000 0.02568727107196
6.81000000000000 0.02486585259311
6.82000000000000 0.02482797164384
6.83000000000000 0.02518883752897
6.84000000000000 0.02501139518766
6.85000000000000 0.02494360822581
6.86000000000000 0.02479208442874
6.87000000000000 0.02470834759352
6.88000000000000 0.02491370221323
6.89000000000000 0.02418598924046
6.90000000000000 0.02466049797339
6.91000000000000 0.02476417215033
6.92000000000000 0.02409029000020
6.93000000000000 0.02472030999855
6.94000000000000 0.02410623987358
6.95000000000000 0.02417402683542
6.96000000000000 0.02418200177211
6.97000000000000 0.02411820227861
6.98000000000000 0.02360581259641
6.99000000000000 0.02371746171004
7.00000000000000 0.02386898550711
7.01000000000000 0.02407434012682
7.02000000000000 0.02326289031882
7.03000000000000 0.02344631386265
7.04000000000000 0.02389091658300
7.05000000000000 0.02339447677417
7.06000000000000 0.02278638785172
7.07000000000000 0.02350811962198
7.08000000000000 0.02330077126809
7.09000000000000 0.02334862088822
7.10000000000000 0.02300171114229
7.11000000000000 0.02278838158589
7.12000000000000 0.02303959209156
7.13000000000000 0.02326488405299
7.14000000000000 0.02260894551041
7.15000000000000 0.02305952943328
7.16000000000000 0.02242552196658
7.17000000000000 0.02221817361270
7.18000000000000 0.02277841291503
7.19000000000000 0.02237169114394
7.20000000000000 0.02242751570076
7.21000000000000 0.02211051196741
7.22000000000000 0.02215437411919
7.23000000000000 0.02233979139719
7.24000000000000 0.02192509468941
7.25000000000000 0.02193506336027
7.26000000000000 0.02170777766467
7.27000000000000 0.02194702576531
7.28000000000000 0.02186328893008
7.29000000000000 0.02162204709527
7.30000000000000 0.02206066861311
7.31000000000000 0.02121333159001
7.32000000000000 0.02153831026005
7.33000000000000 0.02142865488059
7.34000000000000 0.02168584658877
7.35000000000000 0.02095215241348
7.36000000000000 0.02104386418539
7.37000000000000 0.02141868620973
7.38000000000000 0.02105582659042
7.39000000000000 0.02049558728809
7.40000000000000 0.02079863488224
7.41000000000000 0.02082255969230
7.42000000000000 0.02082455342647
7.43000000000000 0.02108373886883
7.44000000000000 0.02049758102227
7.45000000000000 0.02065309228768
7.46000000000000 0.02062119254093
7.47000000000000 0.02031415747844
7.48000000000000 0.02072885418622
7.49000000000000 0.02065907349020
7.50000000000000 0.02049159981975
7.51000000000000 0.02034805095937
7.52000000000000 0.02003902216271
7.53000000000000 0.01985958608723
7.54000000000000 0.02007490937780
7.55000000000000 0.02025833292163
7.56000000000000 0.01964625653083
7.57000000000000 0.01989547330232
7.58000000000000 0.01994332292245
7.59000000000000 0.01986756102392
7.60000000000000 0.01934919013920
7.61000000000000 0.01962033798659
7.62000000000000 0.01935915881006
7.63000000000000 0.01976588058114
7.64000000000000 0.01902620520334
7.65000000000000 0.01935317760754
7.66000000000000 0.01913586058280
7.67000000000000 0.01925947210146
7.68000000000000 0.01915978539286
7.69000000000000 0.01875904482429
7.70000000000000 0.01879293830521
7.71000000000000 0.01875705109012
7.72000000000000 0.01894446210228
7.73000000000000 0.01885075659620
7.74000000000000 0.01895044330480
7.75000000000000 0.01844204109094
7.76000000000000 0.01874708241925
7.77000000000000 0.01800541330727
7.78000000000000 0.01846197843266
7.79000000000000 0.01816491204103
7.80000000000000 0.01848590324272
7.81000000000000 0.01790572659868
7.82000000000000 0.01831842957228
7.83000000000000 0.01841014134419
7.84000000000000 0.01815893083852
7.85000000000000 0.01760467273870
7.86000000000000 0.01757676046030
7.87000000000000 0.01806721906661
7.88000000000000 0.01807918147164
7.89000000000000 0.01681914147494
7.90000000000000 0.01761464140956
7.91000000000000 0.01761264767539
7.92000000000000 0.01767245970055
7.93000000000000 0.01737938077727
7.94000000000000 0.01744916147329
7.95000000000000 0.01722187577768
7.96000000000000 0.01741327425819
7.97000000000000 0.01754087324520
7.98000000000000 0.01746710508084
7.99000000000000 0.01716605122087
8.00000000000000 0.01685303495586
8.01000000000000 0.01707234571478
8.02000000000000 0.01672344223468
8.03000000000000 0.01701053995545
8.04000000000000 0.01691484071519
8.05000000000000 0.01686499736089
8.06000000000000 0.01640245103299
8.07000000000000 0.01649216907073
8.08000000000000 0.01650014400742
8.09000000000000 0.01596981071767
8.10000000000000 0.01629478938770
8.11000000000000 0.01627086457764
8.12000000000000 0.01641042596968
8.13000000000000 0.01594588590761
8.14000000000000 0.01622301495751
8.15000000000000 0.01587012400907
8.16000000000000 0.01581629318643
8.17000000000000 0.01618114653990
8.18000000000000 0.01603161647700
8.19000000000000 0.01576046862961
8.20000000000000 0.01573654381954
8.21000000000000 0.01580632451557
8.22000000000000 0.01574651249041
8.23000000000000 0.01577043730047
8.24000000000000 0.01520820426397
8.25000000000000 0.01514440477046
8.26000000000000 0.01524409147906
8.27000000000000 0.01560695109837
8.28000000000000 0.01534577192183
8.29000000000000 0.01493107521406
8.30000000000000 0.01515836090967
8.31000000000000 0.01490116920148
8.32000000000000 0.01498291230253
8.33000000000000 0.01466391483501
8.34000000000000 0.01504272432769
8.35000000000000 0.01460609654403
8.36000000000000 0.01492509401154
8.37000000000000 0.01426317426644
8.38000000000000 0.01442067926603
8.39000000000000 0.01477955141699
8.40000000000000 0.01451637850629
8.41000000000000 0.01454429078469
8.42000000000000 0.01445656648113
8.43000000000000 0.01427513667147
8.44000000000000 0.01426118053227
8.45000000000000 0.01455425945555
8.46000000000000 0.01408573192514
8.47000000000000 0.01418541863373
8.48000000000000 0.01379863420437
8.49000000000000 0.01392822692555
8.50000000000000 0.01392623319138
8.51000000000000 0.01387638983708
8.52000000000000 0.01395414546978
8.53000000000000 0.01368499135656
8.54000000000000 0.01330618186389
8.55000000000000 0.01324238237038
8.56000000000000 0.01333210040812
8.57000000000000 0.01304500268735
8.58000000000000 0.01337795629408
8.59000000000000 0.01345571192679
8.60000000000000 0.01308886483914
8.61000000000000 0.01335602521818
8.62000000000000 0.01284164180181
8.63000000000000 0.01295129718127
8.64000000000000 0.01313671445927
8.65000000000000 0.01254457541018
8.66000000000000 0.01258843756197
8.67000000000000 0.01272999268818
8.68000000000000 0.01239903281563
8.69000000000000 0.01253460673932
8.70000000000000 0.01233124585378
8.71000000000000 0.01240700775232
8.72000000000000 0.01234918946133
8.73000000000000 0.01207604787977
8.74000000000000 0.01229336490451
8.75000000000000 0.01226744636028
8.76000000000000 0.01203617319633
8.77000000000000 0.01200427344957
8.78000000000000 0.01210794762652
8.79000000000000 0.01157960807094
8.80000000000000 0.01183679977913
8.81000000000000 0.01167131984285
8.82000000000000 0.01163543262776
8.83000000000000 0.01171916946298
8.84000000000000 0.01144204041307
8.85000000000000 0.01147394015982
8.86000000000000 0.01154970205836
8.87000000000000 0.01142609053970
8.88000000000000 0.01102335623695
8.89000000000000 0.01112304294555
8.90000000000000 0.01131444142606
8.91000000000000 0.01085588256651
8.92000000000000 0.01098148781934
8.93000000000000 0.01099743769272
8.94000000000000 0.01089376351577
8.95000000000000 0.01108914946463
8.96000000000000 0.01065650914931
8.97000000000000 0.01067245902268
8.98000000000000 0.01067245902268
8.99000000000000 0.01028567459332
9.00000000000000 0.01024579990988
9.01000000000000 0.01039732370695
9.02000000000000 0.01023583123902
9.03000000000000 0.01039732370695
9.04000000000000 0.01009826358115
9.05000000000000 0.01012816959373
9.06000000000000 0.01009427611280
9.07000000000000 0.01019396282140
9.08000000000000 0.01002250168261
9.09000000000000 0.00984107187296
9.10000000000000 0.00974138516436
9.11000000000000 0.00953204307630
9.12000000000000 0.00933466339327
9.13000000000000 0.00951409946875
9.14000000000000 0.00929080124149
9.15000000000000 0.00919310826706
9.16000000000000 0.00910737769767
9.17000000000000 0.00932270098824
9.18000000000000 0.00906949674840
9.19000000000000 0.00900968472324
9.20000000000000 0.00901167845741
9.21000000000000 0.00874053061002
9.22000000000000 0.00892794162219
9.23000000000000 0.00861093788884
9.24000000000000 0.00863885016725
9.25000000000000 0.00849729504104
9.26000000000000 0.00852720105362
9.27000000000000 0.00838963339575
9.28000000000000 0.00854913212951
9.29000000000000 0.00833380883893
9.30000000000000 0.00813642915591
9.31000000000000 0.00828795295298
9.32000000000000 0.00823013466199
9.33000000000000 0.00780945675170
9.34000000000000 0.00796098054877
9.35000000000000 0.00790515599195
9.36000000000000 0.00785132516931
9.37000000000000 0.00762204573953
9.38000000000000 0.00780347554918
9.39000000000000 0.00776758833409
9.40000000000000 0.00734491668962
9.41000000000000 0.00740672244896
9.42000000000000 0.00721333023427
9.43000000000000 0.00702392548793
9.44000000000000 0.00742267232233
9.45000000000000 0.00687638915921
9.46000000000000 0.00704785029800
9.47000000000000 0.00708772498144
9.48000000000000 0.00686442675417
9.49000000000000 0.00689433276675
9.50000000000000 0.00650356086904
9.51000000000000 0.00657334156506
9.52000000000000 0.00651951074242
9.53000000000000 0.00654941675500
9.54000000000000 0.00624836289503
9.55000000000000 0.00615465738894
9.56000000000000 0.00611079523716
9.57000000000000 0.00608687042710
9.58000000000000 0.00594332156671
9.59000000000000 0.00577983536461
9.60000000000000 0.00569410479521
9.61000000000000 0.00565423011177
9.62000000000000 0.00567815492184
9.63000000000000 0.00567416745349
9.64000000000000 0.00555055593483
9.65000000000000 0.00528937675830
9.66000000000000 0.00528738302413
9.67000000000000 0.00520962739142
9.68000000000000 0.00494047327820
9.69000000000000 0.00507405346772
9.70000000000000 0.00486271764549
9.71000000000000 0.00487667378470
9.72000000000000 0.00464141315240
9.73000000000000 0.00484278030377
9.74000000000000 0.00444602720355
9.75000000000000 0.00443207106434
9.76000000000000 0.00428852220396
9.77000000000000 0.00428652846979
9.78000000000000 0.00402734302743
9.79000000000000 0.00392566258466
9.80000000000000 0.00394958739472
9.81000000000000 0.00378809492679
9.82000000000000 0.00383195707857
9.83000000000000 0.00373426410414
9.84000000000000 0.00356080923118
9.85000000000000 0.00354685309198
9.86000000000000 0.00328168644710
9.87000000000000 0.00312218771334
9.88000000000000 0.00309228170076
9.89000000000000 0.00304044461229
9.90000000000000 0.00271945341060
9.91000000000000 0.00281315891668
9.92000000000000 0.00251808625923
9.93000000000000 0.00239248100639
9.94000000000000 0.00219908879171
9.95000000000000 0.00199971537451
9.96000000000000 0.00172258632460
9.97000000000000 0.00149928809734
9.98000000000000 0.00110851619963
9.99000000000000 0.00062403879583
10.00000000000000 0.00000000000000
