0.00500000000000 0.00000000000000
0.01500000000000 0.00000000000000
0.02500000000000 0.00084809362400
0.03500000000000 0.00126348641942
0.04500000000000 0.00202503987771
0.05500000000000 0.00328852629713
0.06500000000000 0.00496740551199
0.07500000000000 0.01185600270282
0.08500000000000 0.02970058487306
0.09500000000000 0.06424741902610
0.10500000000000 0.11222528689796
0.11500000000000 0.16352629713324
0.12500000000000 0.22346401590677
0.13500000000000 0.27997474411804
0.14500000000000 0.34661067171784
0.15500000000000 0.42468720922504
0.16500000000000 0.50740229961451
0.17500000000000 0.59247128251141
0.18500000000000 0.68214420222429
0.19500000000000 0.76153615025034
0.20500000000000 0.82590472550844
0.21500000000000 0.88677707807169
0.22500000000000 0.93112025898356
0.23500000000000 0.97857888586114
0.24500000000000 1.01535845628960
0.25500000000000 1.04781101843236
0.26500000000000 1.08329248637512
0.27500000000000 1.11899895874873
0.28500000000000 1.11583158868360
0.29500000000000 1.12606063627099
0.30500000000000 1.12330865900128
0.31500000000000 1.11937973547787
0.32500000000000 1.10620832225619
0.33500000000000 1.09971780982764
0.34500000000000 1.09487156054765
0.35500000000000 1.08104244206656
0.36500000000000 1.06366517679117
0.37500000000000 1.05409383446320
0.38500000000000 1.04388209490894
0.39500000000000 1.02287014267358
0.40500000000000 1.00718906464620
0.41500000000000 0.98802907195711
0.42500000000000 0.96696519562231
0.43500000000000 0.95358608600292
0.44500000000000 0.93302414262927
0.45500000000000 0.92104698369445
0.46500000000000 0.89617534006823
0.47500000000000 0.89366567526253
0.48500000000000 0.86820555850946
0.49500000000000 0.85143407439408
0.50500000000000 0.83628954539412
0.51500000000000 0.96324396849661
0.52500000000000 0.80799091120564
0.53500000000000 0.78855398998626
0.54500000000000 0.76373427045948
0.55500000000000 0.76189961894634
0.56500000000000 0.74928206278524
0.57500000000000 0.73081439142187
0.58500000000000 0.72387387013160
0.59500000000000 0.71528908569276
0.60500000000000 0.69152515618769
0.61500000000000 0.68167688532943
0.62500000000000 0.67239977956489
0.63500000000000 0.66417846382206
0.64500000000000 0.64918970712039
0.65500000000000 0.64988202844610
0.66500000000000 0.63395863795472
0.67500000000000 0.62279495657761
0.68500000000000 0.60484652620852
0.69500000000000 0.60013874119367
0.70500000000000 0.59169242101999
0.71500000000000 0.58468266759715
0.72500000000000 0.57357091031946
0.73500000000000 0.56181875581550
0.74500000000000 0.55259357415038
0.75500000000000 0.54932235588639
0.76500000000000 0.53912792436528
0.77500000000000 0.53196239864416
0.78500000000000 0.52612959147503
0.79500000000000 0.51572746355620
0.80500000000000 0.51146968740307
0.81500000000000 0.50653689795737
0.82500000000000 0.48902116841685
0.83500000000000 0.48632111524658
0.84500000000000 0.48150948203288
0.85500000000000 0.48239219172316
0.86500000000000 0.46652072533121
0.87500000000000 0.46293796247065
0.88500000000000 0.46072253422837
0.89500000000000 0.45411086556781
0.90500000000000 0.44100868447871
0.91500000000000 0.43836055540786
0.92500000000000 0.43219889560902
0.93500000000000 0.42385642363419
0.94500000000000 0.42086213390048
0.95500000000000 0.41224273339537
0.96500000000000 0.40621953786167
0.97500000000000 0.40268869910054
0.98500000000000 0.40073289135540
0.99500000000000 0.39380967809828
1.00500000000000 0.38650568811201
1.01500000000000 0.38882496455315
1.02500000000000 0.37653626102176
1.03500000000000 0.37167270370863
1.04500000000000 0.37475353360805
1.05500000000000 0.37108423058177
1.06500000000000 0.36059556249723
1.07500000000000 0.35732434423324
1.08500000000000 0.35244347888697
1.09500000000000 0.35251271101954
1.10500000000000 0.34408369887899
1.11500000000000 0.34062209225043
1.12500000000000 0.34114133324472
1.13500000000000 0.33478928508131
1.14500000000000 0.33009880809961
1.15500000000000 0.32317559484249
1.16500000000000 0.32241404138420
1.17500000000000 0.31772356440250
1.18500000000000 0.31782741260136
1.19500000000000 0.30726951238424
1.20500000000000 0.30865415503567
1.21500000000000 0.30387713788825
1.22500000000000 0.30361751739111
1.23500000000000 0.29482503655457
1.24500000000000 0.29273076454429
1.25500000000000 0.29240191191457
1.26500000000000 0.28829990805973
1.27500000000000 0.28523638619345
1.28500000000000 0.28023436461518
1.29500000000000 0.27668621782090
1.30500000000000 0.27296499069520
1.31500000000000 0.27201304887235
1.32500000000000 0.27132072754663
1.33500000000000 0.26567830874208
1.34500000000000 0.26216477801409
1.35500000000000 0.26666486663122
1.36500000000000 0.26147245668838
1.37500000000000 0.25967242124153
1.38500000000000 0.24843950773184
1.39500000000000 0.24864720412956
1.40500000000000 0.24399134321415
1.41500000000000 0.24414711551243
1.42500000000000 0.24151629447472
1.43500000000000 0.23781237538216
1.44500000000000 0.23917971000044
1.45500000000000 0.23566617927245
1.46500000000000 0.23107955048961
1.47500000000000 0.23016222473304
1.48500000000000 0.22789487239133
1.49500000000000 0.22865642584962
1.50500000000000 0.22476211839249
1.51500000000000 0.22204475718906
1.52500000000000 0.22001971731136
1.53500000000000 0.21771774890336
1.54500000000000 0.22131781979707
1.55500000000000 0.21392728964509
1.56500000000000 0.20805986640968
1.57500000000000 0.21051760711596
1.58500000000000 0.20745408524968
1.59500000000000 0.20679637999025
1.60500000000000 0.20563674176968
1.61500000000000 0.20044433182684
1.62500000000000 0.20163858611370
1.63500000000000 0.19734619389428
1.64500000000000 0.19551154238114
1.65500000000000 0.19339996233772
1.66500000000000 0.19213647591830
1.67500000000000 0.18678829367717
1.68500000000000 0.18924603438345
1.69500000000000 0.18495364216403
1.70500000000000 0.18623443661660
1.71500000000000 0.18296321835261
1.72500000000000 0.18029778124862
1.73500000000000 0.17932853139262
1.74500000000000 0.17938045549205
1.75500000000000 0.17425727768178
1.76500000000000 0.17183415304178
1.77500000000000 0.17269955469892
1.78500000000000 0.16903025167265
1.79500000000000 0.17269955469892
1.80500000000000 0.16887447937436
1.81500000000000 0.16641673866808
1.82500000000000 0.16755906885551
1.83500000000000 0.16416669435952
1.84500000000000 0.16089547609553
1.85500000000000 0.16215896251495
1.86500000000000 0.16117240462581
1.87500000000000 0.15961468164296
1.88500000000000 0.15435303956755
1.89500000000000 0.15847235145554
1.90500000000000 0.15352225397669
1.91500000000000 0.14910870552528
1.92500000000000 0.15099528113784
1.93500000000000 0.14691058531614
1.94500000000000 0.15035488391156
1.95500000000000 0.14749905844300
1.96500000000000 0.14535286233329
1.97500000000000 0.14363936705215
1.98500000000000 0.14358744295272
1.99500000000000 0.14142393880987
2.00500000000000 0.14048930502016
2.01500000000000 0.13704500642474
2.02500000000000 0.13867196154016
2.03500000000000 0.13593729230361
2.04500000000000 0.13382571226018
2.05500000000000 0.13161028401790
2.06500000000000 0.13233722140990
2.07500000000000 0.13434495325446
2.08500000000000 0.13050256989676
2.09500000000000 0.12982755660419
2.10500000000000 0.12762943639506
2.11500000000000 0.12633133390934
2.12500000000000 0.12664287850592
2.13500000000000 0.12922177544419
2.14500000000000 0.12631402587620
2.15500000000000 0.12550054831849
2.16500000000000 0.12172739709336
2.17500000000000 0.12259279875050
2.18500000000000 0.12067160707165
2.19500000000000 0.11894080375736
2.20500000000000 0.11909657605565
2.21500000000000 0.11933888851965
2.22500000000000 0.11932158048651
2.23500000000000 0.11475225973680
2.24500000000000 0.11508111236652
2.25500000000000 0.11532342483052
2.26500000000000 0.11206951459967
2.27500000000000 0.11284837609110
2.28500000000000 0.11042525145111
2.29500000000000 0.11089256834596
2.30500000000000 0.10597708693341
2.31500000000000 0.10772519828083
2.32500000000000 0.10807135894368
2.33500000000000 0.10585593070141
2.34500000000000 0.10168469471399
2.35500000000000 0.10301741326599
2.36500000000000 0.10575208250255
2.37500000000000 0.10286164096770
2.38500000000000 0.10210008750941
2.39500000000000 0.10062890469228
2.40500000000000 0.09858655678142
2.41500000000000 0.09967696286942
2.42500000000000 0.09635382050600
2.43500000000000 0.09541918671629
2.44500000000000 0.09675190526829
2.45500000000000 0.09528072245115
2.46500000000000 0.09460570915858
2.47500000000000 0.09415570029687
2.48500000000000 0.09176719172316
2.49500000000000 0.09129987482831
2.50500000000000 0.09301337010944
2.51500000000000 0.08865174575746
2.52500000000000 0.08991523217688
2.53500000000000 0.08904983051974
2.54500000000000 0.09026139283973
2.55500000000000 0.08754403163632
2.56500000000000 0.08718056294032
2.57500000000000 0.08539783552661
2.58500000000000 0.08567476405689
2.59500000000000 0.08683440227746
2.60500000000000 0.08550168372547
2.61500000000000 0.08420358123975
2.62500000000000 0.08325163941690
2.63500000000000 0.08107082724090
2.64500000000000 0.08081120674377
2.65500000000000 0.07977272475519
2.66500000000000 0.08024004165005
2.67500000000000 0.07710728765120
2.68500000000000 0.08136506380434
2.69500000000000 0.07618996189463
2.70500000000000 0.07627650206035
2.71500000000000 0.07733229208206
2.72500000000000 0.07729767601578
2.73500000000000 0.07496109154149
2.74500000000000 0.07608611369578
2.75500000000000 0.07207065000664
2.76500000000000 0.07258989100093
2.77500000000000 0.07219180623864
2.78500000000000 0.07293605166379
2.79500000000000 0.07428607824892
2.80500000000000 0.06826288271523
2.81500000000000 0.07013215029465
2.82500000000000 0.07162064114493
2.83500000000000 0.06900712814037
2.84500000000000 0.06746671319066
2.85500000000000 0.06810711041695
2.86500000000000 0.06888597190837
2.87500000000000 0.06675708383181
2.88500000000000 0.06343394146838
2.89500000000000 0.06493974035181
2.90500000000000 0.06300124063981
2.91500000000000 0.06583975807524
2.92500000000000 0.06236084341353
2.93500000000000 0.06426472705924
2.94500000000000 0.06369356196553
2.95500000000000 0.06267238801010
2.96500000000000 0.06300124063981
2.97500000000000 0.06125312929239
2.98500000000000 0.06061273206611
2.99500000000000 0.05941847777926
3.00500000000000 0.06038772763525
3.01500000000000 0.05836268775754
3.02500000000000 0.05870884842040
3.03500000000000 0.05654534427755
3.04500000000000 0.05772229053126
3.05500000000000 0.05507416146041
3.06500000000000 0.05592225508441
3.07500000000000 0.05618187558155
3.08500000000000 0.05595687115069
3.09500000000000 0.05407029553813
3.10500000000000 0.05374144290842
3.11500000000000 0.05315296978156
3.12500000000000 0.05232218419071
3.13500000000000 0.05311835371527
3.14500000000000 0.04931058642386
3.15500000000000 0.05180294319642
3.16500000000000 0.05214910385928
3.17500000000000 0.05031445234614
3.18500000000000 0.04913750609243
3.19500000000000 0.05083369334042
3.20500000000000 0.04837595263415
3.21500000000000 0.04863557313129
3.22500000000000 0.04896442576100
3.23500000000000 0.04699130998272
3.24500000000000 0.04624706455758
3.25500000000000 0.04813364017014
3.26500000000000 0.04546820306615
3.27500000000000 0.04597013602729
3.28500000000000 0.04456818534273
3.29500000000000 0.04432587287873
3.30500000000000 0.04378932385130
3.31500000000000 0.04301046235987
3.32500000000000 0.04354701138730
3.33500000000000 0.04339123908902
3.34500000000000 0.04107196264788
3.35500000000000 0.04086426625017
3.36500000000000 0.04055272165359
3.37500000000000 0.03992963246046
3.38500000000000 0.03986040032788
3.39500000000000 0.03937577539989
3.40500000000000 0.03887384243874
3.41500000000000 0.03729881142275
3.42500000000000 0.03748919978732
3.43500000000000 0.03778343635075
3.44500000000000 0.03615648123532
3.45500000000000 0.03741996765475
3.46500000000000 0.03613917320218
3.47500000000000 0.03681418649475
3.48500000000000 0.03489299481590
3.49500000000000 0.03510069121361
3.50500000000000 0.03523915547875
3.51500000000000 0.03343912003190
3.52500000000000 0.03290257100447
3.53500000000000 0.03219294164562
3.54500000000000 0.03361220036333
3.55500000000000 0.03181216491648
3.56500000000000 0.03255641034162
3.57500000000000 0.02994289733706
3.58500000000000 0.03132753998848
3.59500000000000 0.02980443307191
3.60500000000000 0.02911211174620
3.61500000000000 0.02973520093934
3.62500000000000 0.02864479485135
3.63500000000000 0.02819478598963
3.64500000000000 0.02696591563649
3.65500000000000 0.02706976383535
3.66500000000000 0.02746784859763
3.67500000000000 0.02528703642164
3.68500000000000 0.02636013447649
3.69500000000000 0.02506203199078
3.70500000000000 0.02516588018964
3.71500000000000 0.02419663033364
3.72500000000000 0.02411009016793
3.73500000000000 0.02263890735079
3.74500000000000 0.02267352341708
3.75500000000000 0.02397162590279
3.76500000000000 0.02258698325136
3.77500000000000 0.02189466192565
3.78500000000000 0.02016385861137
3.79500000000000 0.02021578271080
3.80500000000000 0.01962730958394
3.81500000000000 0.01907345252337
3.82500000000000 0.01884844809252
3.83500000000000 0.01741188134166
3.84500000000000 0.01703110461252
3.85500000000000 0.01604454672338
3.86500000000000 0.01559453786167
3.87500000000000 0.01616570295538
3.88500000000000 0.01542145753024
3.89500000000000 0.01429643537596
3.90500000000000 0.01395027471310
3.91500000000000 0.01324064535425
3.92500000000000 0.01251370796225
3.93500000000000 0.01130214564225
3.94500000000000 0.00995211905711
3.95500000000000 0.00925979773140
3.96500000000000 0.00922518166512
3.97500000000000 0.00773669081483
3.98500000000000 0.00543472240684
3.99500000000000 0.00328852629713
4.00500000000000 0.00001730803314
