0.00500000000000 0.00000000000000
0.01500000000000 0.00000000000000
0.02500000000000 0.00000000000000
0.03500000000000 0.00000000000000
0.04500000000000 0.00000000000000
0.05500000000000 0.00006627939261
0.06500000000000 0.00068417437535
0.07500000000000 0.00411787452165
0.08500000000000 0.01358727548551
0.09500000000000 0.03263939379414
0.10500000000000 0.08558166217684
0.11500000000000 0.12542199127156
0.12500000000000 0.16863829329965
0.13500000000000 0.20970586018016
0.14500000000000 0.25209687686798
0.15500000000000 0.29399400517860
0.16500000000000 0.33902336930138
0.17500000000000 0.38518162114349
0.18500000000000 0.42724337891317
0.19500000000000 0.46660478594514
0.20500000000000 0.50100165266597
0.21500000000000 0.52434482713501
0.22500000000000 0.54843631732709
0.23500000000000 0.57446273817446
0.24500000000000 0.59212726532808
0.25500000000000 0.61289409566494
0.26500000000000 0.63020156931642
0.27500000000000 0.64771643332543
0.28500000000000 0.65441706611404
0.29500000000000 0.65684802319146
0.30500000000000 0.65610184551334
0.31500000000000 0.65901172465351
0.32500000000000 0.65810733165109
0.33500000000000 0.65592011169489
0.34500000000000 0.65390821142237
0.35500000000000 0.64712847097162
0.36500000000000 0.64697666978208
0.37500000000000 0.64326074770595
0.38500000000000 0.63795839629697
0.39500000000000 0.63002411158781
0.40500000000000 0.62469396559484
0.41500000000000 0.61458956528886
0.42500000000000 0.60942191071003
0.43500000000000 0.60294149654849
0.44500000000000 0.59384411540123
0.45500000000000 0.58669449317880
0.46500000000000 0.58148835379136
0.47500000000000 0.57194198321028
0.48500000000000 0.56537390920690
0.49500000000000 0.55922916809827
0.50500000000000 0.55255205380381
0.51500000000000 0.78103636254246
0.52500000000000 0.53687377038364
0.53500000000000 0.52747064881239
0.54500000000000 0.52027826569151
0.55500000000000 0.51500370886653
0.56500000000000 0.50804223459732
0.57500000000000 0.50265222334651
0.58500000000000 0.49829916388332
0.59500000000000 0.48916543597237
0.60500000000000 0.48471616448766
0.61500000000000 0.47953354359437
0.62500000000000 0.47407939099586
0.63500000000000 0.46727613205096
0.64500000000000 0.46190536320444
0.65500000000000 0.45578414058997
0.66500000000000 0.44891032616260
0.67500000000000 0.44321029839795
0.68500000000000 0.44135661344973
0.69500000000000 0.43409367484638
0.70500000000000 0.43036706254564
0.71500000000000 0.42308915762783
0.72500000000000 0.42087628113255
0.73500000000000 0.41560386235250
0.74500000000000 0.40989314436323
0.75500000000000 0.40620287882618
0.76500000000000 0.40396862188167
0.77500000000000 0.39863206175392
0.78500000000000 0.39458260466981
0.79500000000000 0.39047114428293
0.80500000000000 0.38695619842955
0.81500000000000 0.38162391439165
0.82500000000000 0.37901549958563
0.83500000000000 0.37474796191937
0.84500000000000 0.37102134961862
0.85500000000000 0.36787200944708
0.86500000000000 0.36281980929409
0.87500000000000 0.35981371813239
0.88500000000000 0.35794506686971
0.89500000000000 0.35281162100964
0.90500000000000 0.34965800474826
0.91500000000000 0.34651721675641
0.92500000000000 0.34373562031161
0.93500000000000 0.33927138251244
0.94500000000000 0.33684470152487
0.95500000000000 0.33385571472255
0.96500000000000 0.33158724905927
0.97500000000000 0.32755489633454
0.98500000000000 0.32566486462263
0.99500000000000 0.32217343726341
1.00500000000000 0.31790589959715
1.01500000000000 0.31681335864151
1.02500000000000 0.31323854753030
1.03500000000000 0.31222725228173
1.04500000000000 0.30794688634594
1.05500000000000 0.30577890879404
1.06500000000000 0.30231741406374
1.07500000000000 0.30182993982130
1.08500000000000 0.29886019542329
1.09500000000000 0.29553339752314
1.10500000000000 0.29372888760815
1.11500000000000 0.29342956131894
1.12500000000000 0.29140910886672
1.13500000000000 0.28641891201650
1.14500000000000 0.28403285388246
1.15500000000000 0.27833924025258
1.16500000000000 0.27822378582674
1.17500000000000 0.27725952756648
1.18500000000000 0.27485850311797
1.19500000000000 0.27278673758761
1.20500000000000 0.27058241327202
1.21500000000000 0.26903019265794
1.22500000000000 0.26687076728574
1.23500000000000 0.26536130757012
1.24500000000000 0.26242577189088
1.25500000000000 0.26011882141899
1.26500000000000 0.25828865496492
1.27500000000000 0.25602018930164
1.28500000000000 0.25524407899460
1.29500000000000 0.25205839205937
1.30500000000000 0.25015339403300
1.31500000000000 0.24859262123923
1.32500000000000 0.24654865029286
1.33500000000000 0.24503277644247
1.34500000000000 0.24148362187033
1.35500000000000 0.24139382398357
1.36500000000000 0.23930495409382
1.37500000000000 0.23952303467597
1.38500000000000 0.23511224799987
1.39500000000000 0.23329704786026
1.40500000000000 0.23009211852073
1.41500000000000 0.22995314560073
1.42500000000000 0.23001514890350
1.43500000000000 0.22792414096883
1.44500000000000 0.22498646724466
1.45500000000000 0.22349838797827
1.46500000000000 0.22209155441895
1.47500000000000 0.21998344212490
1.48500000000000 0.21882248373172
1.49500000000000 0.21869206299142
1.50500000000000 0.21787746787577
1.51500000000000 0.21542726839404
1.52500000000000 0.21304976243969
1.53500000000000 0.21213254116773
1.54500000000000 0.21167713759914
1.55500000000000 0.20885278025589
1.56500000000000 0.20898106295127
1.57500000000000 0.20718296717105
1.58500000000000 0.20525658869545
1.59500000000000 0.20254554773311
1.60500000000000 0.20201103650237
1.61500000000000 0.20120499356641
1.62500000000000 0.20165825909008
1.63500000000000 0.19942400214557
1.64500000000000 0.19693317981030
1.65500000000000 0.19513080794024
1.66500000000000 0.19299703910711
1.67500000000000 0.19278537265973
1.68500000000000 0.19155599682902
1.69500000000000 0.19051690699646
1.70500000000000 0.18930463552513
1.71500000000000 0.18750012561014
1.72500000000000 0.18658931847295
1.73500000000000 0.18605908333205
1.74500000000000 0.18514186206010
1.75500000000000 0.18352763814325
1.76500000000000 0.18267883430883
1.77500000000000 0.18116723654829
1.78500000000000 0.17951025173298
1.79500000000000 0.17888166652563
1.80500000000000 0.17804355291582
1.81500000000000 0.17648064207713
1.82500000000000 0.17577081116270
1.83500000000000 0.17355365857757
1.84500000000000 0.17333130190558
1.85500000000000 0.17298707667298
1.86500000000000 0.17167217904536
1.87500000000000 0.17261719490131
1.88500000000000 0.16902955552056
1.89500000000000 0.16717373252742
1.90500000000000 0.16790280584615
1.91500000000000 0.16422536857864
1.92500000000000 0.16439427412755
1.93500000000000 0.16374430847096
1.94500000000000 0.16370368561743
1.95500000000000 0.16183503435475
1.96500000000000 0.16084939564526
1.97500000000000 0.16000914399053
1.98500000000000 0.15992576023853
1.99500000000000 0.15931641743548
2.00500000000000 0.15934635006440
2.01500000000000 0.15611148809595
2.02500000000000 0.15768508915925
2.03500000000000 0.15320374700070
2.04500000000000 0.15465120341355
2.05500000000000 0.15288090221732
2.06500000000000 0.15250246826596
2.07500000000000 0.15047132558913
2.08500000000000 0.14973370009071
2.09500000000000 0.14967811092271
2.10500000000000 0.14896186587352
2.11500000000000 0.14750585728097
2.12500000000000 0.14566072451244
2.13500000000000 0.14734978000159
2.14500000000000 0.14489316638510
2.15500000000000 0.14512835132662
2.16500000000000 0.14383697219315
2.17500000000000 0.14245579517290
2.18500000000000 0.14201321987385
2.19500000000000 0.14128628460003
2.20500000000000 0.14119648671327
2.21500000000000 0.14039685791207
2.22500000000000 0.13929576477675
2.23500000000000 0.13800438564326
2.24500000000000 0.13784617031897
2.25500000000000 0.13873345896200
2.26500000000000 0.13528479250125
2.27500000000000 0.13644575089442
2.28500000000000 0.13309971058997
2.29500000000000 0.13548576872400
2.30500000000000 0.13108353422760
2.31500000000000 0.13183826408541
2.32500000000000 0.13208200120662
2.33500000000000 0.13133154743867
2.34500000000000 0.12962752563505
2.35500000000000 0.12961897345536
2.36500000000000 0.12841953025357
2.37500000000000 0.12940516896307
2.38500000000000 0.12762845363207
2.39500000000000 0.12624727661183
2.40500000000000 0.12623872443213
2.41500000000000 0.12651880831705
2.42500000000000 0.12529584662110
2.43500000000000 0.12433800249561
2.44500000000000 0.12342719535842
2.45500000000000 0.12225127065079
2.46500000000000 0.12257625347908
2.47500000000000 0.12129128848037
2.48500000000000 0.12069477394686
2.49500000000000 0.12208236510188
2.50500000000000 0.12080167619301
2.51500000000000 0.11795380035561
2.52500000000000 0.11926869798324
2.53500000000000 0.11767585451562
2.54500000000000 0.11952740141892
2.55500000000000 0.11553567154773
2.56500000000000 0.11586279242094
2.57500000000000 0.11631391989968
2.58500000000000 0.11548008237973
2.59500000000000 0.11490494829544
2.60500000000000 0.11425925872871
2.61500000000000 0.11420580760563
2.62500000000000 0.11349811473613
2.63500000000000 0.11362853547643
2.64500000000000 0.11285242516939
2.65500000000000 0.11126813388146
2.66500000000000 0.11088542384026
2.67500000000000 0.11020552555474
2.68500000000000 0.11054975078735
2.69500000000000 0.11002806782614
2.70500000000000 0.10907663783542
2.71500000000000 0.10853785051482
2.72500000000000 0.10678892976783
2.73500000000000 0.10734268340288
2.74500000000000 0.10677610149830
2.75500000000000 0.10739399648103
2.76500000000000 0.10525595155806
2.77500000000000 0.10634207837893
2.78500000000000 0.10298320980494
2.79500000000000 0.10550610281405
2.80500000000000 0.10269029765049
2.81500000000000 0.10333812526215
2.82500000000000 0.10278223358218
2.83500000000000 0.10258767149419
2.84500000000000 0.10164906977300
2.85500000000000 0.10190563516376
2.86500000000000 0.10137967611270
2.87500000000000 0.09981462722909
2.88500000000000 0.10001560345185
2.89500000000000 0.09911548653928
2.90500000000000 0.09880119393560
2.91500000000000 0.09837999908577
2.92500000000000 0.09831158164823
2.93500000000000 0.09711855258122
2.94500000000000 0.09736015165751
2.95500000000000 0.09690047199908
2.96500000000000 0.09725752550121
2.97500000000000 0.09607091056896
2.98500000000000 0.09527341981269
2.99500000000000 0.09464055851549
3.00500000000000 0.09523921109392
3.01500000000000 0.09306909549710
3.02500000000000 0.09536535574438
3.03500000000000 0.09193165559808
3.04500000000000 0.09420012126135
3.05500000000000 0.09145059549041
3.06500000000000 0.09287025731926
3.07500000000000 0.08988554660679
3.08500000000000 0.09062531015014
3.09500000000000 0.09033025995077
3.10500000000000 0.08981926721418
3.11500000000000 0.08928903207328
3.12500000000000 0.08847229891271
3.13500000000000 0.08814090194964
3.14500000000000 0.08827773682472
3.15500000000000 0.08793778768196
3.16500000000000 0.08879086760623
3.17500000000000 0.08670841185125
3.18500000000000 0.08714029692569
3.19500000000000 0.08717450564446
3.20500000000000 0.08518184777625
3.21500000000000 0.08584036561252
3.22500000000000 0.08533792505563
3.23500000000000 0.08573132532145
3.24500000000000 0.08489534975657
3.25500000000000 0.08597720048759
3.26500000000000 0.08325760734557
3.27500000000000 0.08554959150300
3.28500000000000 0.08249432530807
3.29500000000000 0.08407220246122
3.30500000000000 0.08164979756349
3.31500000000000 0.08337306177141
3.32500000000000 0.08115804723121
3.33500000000000 0.08158138012596
3.34500000000000 0.08169683455180
3.35500000000000 0.08080099372907
3.36500000000000 0.08119867008474
3.37500000000000 0.08051663375432
3.38500000000000 0.07958872225774
3.39500000000000 0.07991584313096
3.40500000000000 0.08013606175802
3.41500000000000 0.07896441314024
3.42500000000000 0.07904565884731
3.43500000000000 0.07844273017903
3.44500000000000 0.07810064299135
3.45500000000000 0.07821395937227
3.46500000000000 0.07739936425662
3.47500000000000 0.07668098116250
3.48500000000000 0.07584500559761
3.49500000000000 0.07691189001418
3.50500000000000 0.07710217601232
3.51500000000000 0.07438258287030
3.52500000000000 0.07596473611330
3.53500000000000 0.07520786821057
3.54500000000000 0.07549009014040
3.55500000000000 0.07362357692265
3.56500000000000 0.07504110070658
3.57500000000000 0.07383310532510
3.58500000000000 0.07369413240510
3.59500000000000 0.07321734838728
3.60500000000000 0.07338411589127
3.61500000000000 0.07310617005128
3.62500000000000 0.07230012711532
3.63500000000000 0.07252462183223
3.64500000000000 0.07152615485321
3.65500000000000 0.07138290584336
3.66500000000000 0.07187465617565
3.67500000000000 0.07014497783296
3.68500000000000 0.07063031403048
3.69500000000000 0.07027539857326
3.70500000000000 0.07002952340712
3.71500000000000 0.06980930478006
3.72500000000000 0.06965536554560
3.73500000000000 0.06923630874070
3.74500000000000 0.06949073608654
3.75500000000000 0.07047637479602
3.76500000000000 0.06763063700355
3.77500000000000 0.06886428892410
3.78500000000000 0.06736551943310
3.79500000000000 0.06861413766811
3.80500000000000 0.06630932524115
3.81500000000000 0.06801762313460
3.82500000000000 0.06640981335253
3.83500000000000 0.06728641177095
3.84500000000000 0.06642264162206
3.85500000000000 0.06567646394395
3.86500000000000 0.06593302933470
3.87500000000000 0.06583040317840
3.88500000000000 0.06573205311194
3.89500000000000 0.06588385430148
3.90500000000000 0.06484048837906
3.91500000000000 0.06479131334584
3.92500000000000 0.06438722285539
3.93500000000000 0.06428673474401
3.94500000000000 0.06388050620865
3.95500000000000 0.06355979947020
3.96500000000000 0.06333316670836
3.97500000000000 0.06348282985298
3.98500000000000 0.06314715680007
3.99500000000000 0.06300604583515
4.00500000000000 0.06247153460441
4.01500000000000 0.06253353790717
4.02500000000000 0.06159066009614
4.03500000000000 0.06215938004565
4.04500000000000 0.06153079483830
4.05500000000000 0.06200971690104
4.06500000000000 0.06067343882419
4.07500000000000 0.06132981861554
4.08500000000000 0.06103049232632
4.09500000000000 0.06072261385741
4.10500000000000 0.05976476973192
4.11500000000000 0.06039121689435
4.12500000000000 0.05950179020640
4.13500000000000 0.05955737937439
4.14500000000000 0.06020948307590
4.15500000000000 0.05885823868458
4.16500000000000 0.05867222877628
4.17500000000000 0.05856960261998
4.18500000000000 0.05911052798549
4.19500000000000 0.05840069707106
4.20500000000000 0.05859312111413
4.21500000000000 0.05784266734617
4.22500000000000 0.05819758280338
4.23500000000000 0.05776569772894
4.24500000000000 0.05743002467603
4.25500000000000 0.05661542956038
4.26500000000000 0.05765879548279
4.27500000000000 0.05593339322995
4.28500000000000 0.05587994210688
4.29500000000000 0.05611940313825
4.30500000000000 0.05642514356223
4.31500000000000 0.05521501013583
4.32500000000000 0.05561696258135
4.33500000000000 0.05504396654199
4.34500000000000 0.05543309071797
4.35500000000000 0.05449662704171
4.36500000000000 0.05448593681710
4.37500000000000 0.05489430339738
4.38500000000000 0.05443462373894
4.39500000000000 0.05457359665893
4.40500000000000 0.05466553259063
4.41500000000000 0.05380817657651
4.42500000000000 0.05405618978758
4.43500000000000 0.05298502928116
4.44500000000000 0.05292088793348
4.45500000000000 0.05298930537101
4.46500000000000 0.05271563562087
4.47500000000000 0.05305130867378
4.48500000000000 0.05236499625350
4.49500000000000 0.05244410391566
4.50500000000000 0.05189248832553
4.51500000000000 0.05250396917349
4.52500000000000 0.05140929017294
4.53500000000000 0.05129597379202
4.54500000000000 0.05086622676250
4.55500000000000 0.05202932320059
4.56500000000000 0.05052627761975
4.57500000000000 0.05058828092251
4.58500000000000 0.05065028422528
4.59500000000000 0.05136866731939
4.60500000000000 0.05027612636376
4.61500000000000 0.05017991434222
4.62500000000000 0.05018419043207
4.63500000000000 0.04954063891025
4.64500000000000 0.04908095925181
4.65500000000000 0.04940380403518
4.66500000000000 0.04930759201365
4.67500000000000 0.04894626242167
4.68500000000000 0.04901467985920
4.69500000000000 0.04863196981799
4.70500000000000 0.04860845132384
4.71500000000000 0.04838609465185
4.72500000000000 0.04885218844505
4.73500000000000 0.04853361975153
4.74500000000000 0.04683815012761
4.75500000000000 0.04766343546788
4.76500000000000 0.04802048897002
4.77500000000000 0.04608342026980
4.78500000000000 0.04731493414544
4.79500000000000 0.04723368843836
4.80500000000000 0.04701988394606
4.81500000000000 0.04608128222488
4.82500000000000 0.04626943017810
4.83500000000000 0.04614542357257
4.84500000000000 0.04736410917866
4.85500000000000 0.04581402660951
4.86500000000000 0.04579692225013
4.87500000000000 0.04562160256644
4.88500000000000 0.04558953189260
4.89500000000000 0.04587389186735
4.90500000000000 0.04534793281630
4.91500000000000 0.04523461643538
4.92500000000000 0.04509136742554
4.93500000000000 0.04486045857386
4.94500000000000 0.04499087931416
4.95500000000000 0.04473431392341
4.96500000000000 0.04414207547974
4.97500000000000 0.04455471814987
4.98500000000000 0.04403089714375
4.99500000000000 0.04378716002253
5.00500000000000 0.04350493809270
5.01500000000000 0.04406938195236
5.02500000000000 0.04298753122134
5.03500000000000 0.04326547706132
5.04500000000000 0.04329540969024
5.05500000000000 0.04284000612165
5.06500000000000 0.04241453518198
5.07500000000000 0.04282931589704
5.08500000000000 0.04219004046507
5.09500000000000 0.04363749687792
5.10500000000000 0.04219431655491
5.11500000000000 0.04233970360967
5.12500000000000 0.04230121880106
5.13500000000000 0.04203182514077
5.14500000000000 0.04174318907616
5.15500000000000 0.04146096714633
5.16500000000000 0.04142248233772
5.17500000000000 0.04142889647249
5.18500000000000 0.04142889647248
5.19500000000000 0.04078748299560
5.20500000000000 0.04098204508359
5.21500000000000 0.04082169171436
5.22500000000000 0.04086231456790
5.23500000000000 0.04060147308730
5.24500000000000 0.04087086674759
5.25500000000000 0.04028290439377
5.26500000000000 0.04073616991744
5.27500000000000 0.03957521152427
5.28500000000000 0.03994723134087
5.29500000000000 0.03934857876243
5.30500000000000 0.03980184428610
5.31500000000000 0.03895304045168
5.32500000000000 0.03940844402028
5.33500000000000 0.03975480729780
5.34500000000000 0.03928443741474
5.35500000000000 0.03862378153354
5.36500000000000 0.03875206422892
5.37500000000000 0.03901504375445
5.38500000000000 0.03883544798092
5.39500000000000 0.03897655894583
5.40500000000000 0.03859598694955
5.41500000000000 0.03886751865476
5.42500000000000 0.03834797373848
5.43500000000000 0.03796740174219
5.44500000000000 0.03762103846467
5.45500000000000 0.03776428747451
5.46500000000000 0.03751841230837
5.47500000000000 0.03742220028683
5.48500000000000 0.03740295788253
5.49500000000000 0.03709935550346
5.50500000000000 0.03753551666775
5.51500000000000 0.03743502855637
5.52500000000000 0.03695183040378
5.53500000000000 0.03623772339950
5.54500000000000 0.03621848099520
5.55500000000000 0.03674230200132
5.56500000000000 0.03646649420626
5.57500000000000 0.03655629209303
5.58500000000000 0.03612868310843
5.59500000000000 0.03632538324134
5.60500000000000 0.03585073726845
5.61500000000000 0.03604316131151
5.62500000000000 0.03571604043830
5.63500000000000 0.03541030001431
5.64500000000000 0.03545947504754
5.65500000000000 0.03528629340878
5.66500000000000 0.03514090635402
5.67500000000000 0.03519435747709
5.68500000000000 0.03500620952387
5.69500000000000 0.03481164743588
5.70500000000000 0.03486509855895
5.71500000000000 0.03438403845128
5.72500000000000 0.03450590701189
5.73500000000000 0.03423651335160
5.74500000000000 0.03466626038112
5.75500000000000 0.03459570489866
5.76500000000000 0.03491641163710
5.77500000000000 0.03406119366792
5.78500000000000 0.03350957807779
5.79500000000000 0.03417023395899
5.80500000000000 0.03454225377558
5.81500000000000 0.03319742351903
5.82500000000000 0.03366351731224
5.83500000000000 0.03369986407593
5.84500000000000 0.03373193474977
5.85500000000000 0.03298575707166
5.86500000000000 0.03340695192149
5.87500000000000 0.03320597569873
5.88500000000000 0.03333425839410
5.89500000000000 0.03271422536644
5.90500000000000 0.03246193606553
5.91500000000000 0.03215833368647
5.92500000000000 0.03195308137386
5.93500000000000 0.03247690237999
5.94500000000000 0.03273988190552
5.95500000000000 0.03226951202246
5.96500000000000 0.03211343474309
5.97500000000000 0.03202149881139
5.98500000000000 0.03172003447726
5.99500000000000 0.03165375508465
6.00500000000000 0.03160885614126
6.01500000000000 0.03156181915295
6.02500000000000 0.03102303183237
6.03500000000000 0.03125821677390
6.04500000000000 0.03171362034249
6.05500000000000 0.03109786340467
6.06500000000000 0.03063604570131
6.07500000000000 0.03084557410376
6.08500000000000 0.03122187001020
6.09500000000000 0.03150195389511
6.10500000000000 0.03022340303118
6.11500000000000 0.03051203909578
6.12500000000000 0.03011650078503
6.13500000000000 0.03102303183237
6.14500000000000 0.02970599615982
6.15500000000000 0.02999890831426
6.16500000000000 0.03021271280656
6.17500000000000 0.03006518770688
6.18500000000000 0.02962261240782
6.19500000000000 0.03002028876349
6.20500000000000 0.02961192218320
6.21500000000000 0.02966323526136
6.22500000000000 0.02952640038628
6.23500000000000 0.02948150144290
6.24500000000000 0.02959909391367
6.25500000000000 0.02909665335677
6.26500000000000 0.02946867317336
6.27500000000000 0.02879732706755
6.28500000000000 0.02897906088600
6.29500000000000 0.02892560976293
6.30500000000000 0.02895981848169
6.31500000000000 0.02820936471373
6.32500000000000 0.02850227686818
6.33500000000000 0.02841675507126
6.34500000000000 0.02877380857340
6.35500000000000 0.02825853974696
6.36500000000000 0.02792286669405
6.37500000000000 0.02803618307497
6.38500000000000 0.02826709192665
6.39500000000000 0.02797631781713
6.40500000000000 0.02802121676051
6.41500000000000 0.02763423062945
6.42500000000000 0.02758291755130
6.43500000000000 0.02782237858267
6.44500000000000 0.02784589707683
6.45500000000000 0.02745677290085
6.46500000000000 0.02711254766825
6.47500000000000 0.02732635216054
6.48500000000000 0.02739904568793
6.49500000000000 0.02687094859195
6.50500000000000 0.02715317052178
6.51500000000000 0.02706551067994
6.52500000000000 0.02637706021474
6.53500000000000 0.02704413023071
6.54500000000000 0.02591310446646
6.55500000000000 0.02704840632055
6.56500000000000 0.02618891226152
6.57500000000000 0.02650106682028
6.58500000000000 0.02673838980673
6.59500000000000 0.02744394463131
6.60500000000000 0.02623594924983
6.61500000000000 0.02594089905046
6.62500000000000 0.02610552850953
6.63500000000000 0.02607987197045
6.64500000000000 0.02568647170462
6.65500000000000 0.02582116853477
6.66500000000000 0.02565867712062
6.67500000000000 0.02545128676310
6.68500000000000 0.02538286932556
6.69500000000000 0.02534010842710
6.70500000000000 0.02556032705417
6.71500000000000 0.02538073128064
6.72500000000000 0.02517975505787
6.73500000000000 0.02485049613974
6.74500000000000 0.02477566456743
6.75500000000000 0.02505147236250
6.76500000000000 0.02486760049912
6.77500000000000 0.02466662427636
6.78500000000000 0.02447206218837
6.79500000000000 0.02422618702223
6.80500000000000 0.02473504171390
6.81500000000000 0.02439936866099
6.82500000000000 0.02461103510837
6.83500000000000 0.02446137196376
6.84500000000000 0.02468586668067
6.85500000000000 0.02381354435210
6.86500000000000 0.02410645650654
6.87500000000000 0.02423046311208
6.88500000000000 0.02451268504191
6.89500000000000 0.02376864540871
6.90500000000000 0.02385202916071
6.91500000000000 0.02380285412748
6.92500000000000 0.02319778741428
6.93500000000000 0.02340090168196
6.94500000000000 0.02299894923644
6.95500000000000 0.02324696244751
6.96500000000000 0.02343511040073
6.97500000000000 0.02308447103336
6.98500000000000 0.02325123853735
6.99500000000000 0.02288349481060
7.00500000000000 0.02273383166599
7.01500000000000 0.02316571674043
7.02500000000000 0.02249437063462
7.03500000000000 0.02253071739831
7.04500000000000 0.02303315795521
7.05500000000000 0.02292625570906
7.06500000000000 0.02265686204877
7.07500000000000 0.02209455623402
7.08500000000000 0.02276376429492
7.09500000000000 0.02241953906231
7.10500000000000 0.02206034751526
7.11500000000000 0.02235753575955
7.12500000000000 0.02232760313063
7.13500000000000 0.02221428674971
7.14500000000000 0.02193420286480
7.15500000000000 0.02164342875528
7.16500000000000 0.02156645913805
7.17500000000000 0.02211379863833
7.18500000000000 0.02171612228266
7.19500000000000 0.02171612228266
7.20500000000000 0.02149590365559
7.21500000000000 0.02140824381375
7.22500000000000 0.02158997763220
7.23500000000000 0.02099987723346
7.24500000000000 0.02135906878052
7.25500000000000 0.02121154368084
7.26500000000000 0.02113457406361
7.27500000000000 0.02101911963777
7.28500000000000 0.02095284024516
7.29500000000000 0.02073048357317
7.30500000000000 0.02095497829008
7.31500000000000 0.02014038317442
7.32500000000000 0.02054447366487
7.33500000000000 0.02092076957131
7.34500000000000 0.02079034883101
7.35500000000000 0.01999285807474
7.36500000000000 0.02050171276641
7.37500000000000 0.02044398555349
7.38500000000000 0.02078393469624
7.39500000000000 0.01993513086182
7.40500000000000 0.01990947432274
7.41500000000000 0.02021307670181
7.42500000000000 0.01989450800828
7.43500000000000 0.01997147762551
7.44500000000000 0.01984747101998
7.45500000000000 0.01984747101998
7.46500000000000 0.01977263944767
7.47500000000000 0.02001423852397
7.48500000000000 0.01948614142799
7.49500000000000 0.01918253904893
7.50500000000000 0.01916757273447
7.51500000000000 0.01958235344953
7.52500000000000 0.01918253904893
7.53500000000000 0.01947545120338
7.54500000000000 0.01910129334186
7.55500000000000 0.01918467709385
7.56500000000000 0.01866513217757
7.57500000000000 0.01903287590432
7.58500000000000 0.01871644525572
7.59500000000000 0.01910770747663
7.60500000000000 0.01864802781819
7.61500000000000 0.01859885278496
7.62500000000000 0.01870789307603
7.63500000000000 0.01865871804280
7.64500000000000 0.01822255687852
7.65500000000000 0.01822041883359
7.66500000000000 0.01829097431605
7.67500000000000 0.01819048620467
7.68500000000000 0.01820545251913
7.69500000000000 0.01825890364221
7.70500000000000 0.01788688382561
7.71500000000000 0.01786764142130
7.72500000000000 0.01779922398377
7.73500000000000 0.01762604234501
7.74500000000000 0.01798737193699
7.75500000000000 0.01735451063979
7.76500000000000 0.01784198488223
7.77500000000000 0.01742506612225
7.78500000000000 0.01763673256962
7.79500000000000 0.01738444326871
7.80500000000000 0.01741437589763
7.81500000000000 0.01699318104781
7.82500000000000 0.01704235608103
7.83500000000000 0.01714284419241
7.84500000000000 0.01696324841888
7.85500000000000 0.01679861895981
7.86500000000000 0.01655915792844
7.87500000000000 0.01674944392659
7.88500000000000 0.01718132900103
7.89500000000000 0.01667033626444
7.90500000000000 0.01654846770383
7.91500000000000 0.01651212094014
7.92500000000000 0.01667888844413
7.93500000000000 0.01631542080722
7.94500000000000 0.01631114471738
7.95500000000000 0.01632824907676
7.96500000000000 0.01603747496724
7.97500000000000 0.01626196968415
7.98500000000000 0.01612085871923
7.99500000000000 0.01613154894385
8.00500000000000 0.01613796307862
8.01500000000000 0.01576380521710
8.02500000000000 0.01545165065834
8.03500000000000 0.01604816519185
8.04500000000000 0.01540461367004
8.05500000000000 0.01561841816233
8.06500000000000 0.01564621274633
8.07500000000000 0.01549868764665
8.08500000000000 0.01560986598264
8.09500000000000 0.01554786267987
8.10500000000000 0.01518011895312
8.11500000000000 0.01511597760543
8.12500000000000 0.01468623057592
8.13500000000000 0.01516729068359
8.14500000000000 0.01494065792175
8.15500000000000 0.01470974907007
8.16500000000000 0.01506680257221
8.17500000000000 0.01488720679868
8.18500000000000 0.01480168500176
8.19500000000000 0.01460284682392
8.20500000000000 0.01484016981037
8.21500000000000 0.01467767839622
8.22500000000000 0.01453015329654
8.23500000000000 0.01476961432791
8.24500000000000 0.01425434550147
8.25500000000000 0.01444676954454
8.26500000000000 0.01415171934517
8.27500000000000 0.01416882370456
8.28500000000000 0.01446601194885
8.29500000000000 0.01394005289780
8.30500000000000 0.01369845382150
8.31500000000000 0.01369203968673
8.32500000000000 0.01361720811443
8.33500000000000 0.01356803308120
8.34500000000000 0.01377969952857
8.35500000000000 0.01346113083505
8.36500000000000 0.01374121471996
8.37500000000000 0.01315966650091
8.38500000000000 0.01327939701660
8.39500000000000 0.01314042409660
8.40500000000000 0.01282399344800
8.41500000000000 0.01281757931324
8.42500000000000 0.01290310111015
8.43500000000000 0.01304421207507
8.44500000000000 0.01304207403015
8.45500000000000 0.01275343796554
8.46500000000000 0.01261232700063
8.47500000000000 0.01276199014524
8.48500000000000 0.01261660309048
8.49500000000000 0.01212912884804
8.50500000000000 0.01227451590280
8.51500000000000 0.01237714205910
8.52500000000000 0.01206284945543
8.53500000000000 0.01229589635203
8.54500000000000 0.01178917970528
8.55500000000000 0.01223389304926
8.56500000000000 0.01218899410588
8.57500000000000 0.01210561035388
8.58500000000000 0.01168655354898
8.59500000000000 0.01185332105297
8.60500000000000 0.01176993730098
8.61500000000000 0.01180628406467
8.62500000000000 0.01161172197668
8.63500000000000 0.01145992078715
8.64500000000000 0.01155613280868
8.65500000000000 0.01121190757608
8.66500000000000 0.01140219357423
8.67500000000000 0.01124184020500
8.68500000000000 0.01114776622839
8.69500000000000 0.01103872593732
8.70500000000000 0.01092540955640
8.71500000000000 0.01116487058778
8.72500000000000 0.01098527481425
8.73500000000000 0.01078002250164
8.74500000000000 0.01057263214411
8.75500000000000 0.01071801919887
8.76500000000000 0.01063463544688
8.77500000000000 0.01010867639583
8.78500000000000 0.01052345711088
8.79500000000000 0.01021344059705
8.80500000000000 0.01000177414968
8.81500000000000 0.01035455156197
8.82500000000000 0.01002743068875
8.83500000000000 0.00981576424138
8.84500000000000 0.00993335671214
8.85500000000000 0.00985852513984
8.86500000000000 0.00992694257737
8.87500000000000 0.00960195974908
8.88500000000000 0.00961264997370
8.89500000000000 0.00965968696200
8.90500000000000 0.00967251523154
8.91500000000000 0.00948650532324
8.92500000000000 0.00949291945801
8.93500000000000 0.00916793662972
8.94500000000000 0.00935608458294
8.95500000000000 0.00923421602233
8.96500000000000 0.00904820611403
8.97500000000000 0.00884936793619
8.98500000000000 0.00874246569004
8.99500000000000 0.00911448550664
9.00500000000000 0.00865480584820
9.01500000000000 0.00865908193805
9.02500000000000 0.00872749937558
9.03500000000000 0.00856928405128
9.04500000000000 0.00814381311161
9.05500000000000 0.00837258391837
9.06500000000000 0.00811174243777
9.07500000000000 0.00810746634792
9.08500000000000 0.00811174243777
9.09500000000000 0.00775468893563
9.10500000000000 0.00803904891039
9.11500000000000 0.00769054758794
9.12500000000000 0.00766061495902
9.13500000000000 0.00762640624025
9.14500000000000 0.00757723120702
9.15500000000000 0.00742115392765
9.16500000000000 0.00736984084950
9.17500000000000 0.00725011033381
9.18500000000000 0.00733563213073
9.19500000000000 0.00714748417750
9.20500000000000 0.00698926885321
9.21500000000000 0.00689305683167
9.22500000000000 0.00672842737260
9.23500000000000 0.00652958919477
9.24500000000000 0.00675836000152
9.25500000000000 0.00652317506000
9.26500000000000 0.00676477413629
9.27500000000000 0.00620246832155
9.28500000000000 0.00601859645817
9.29500000000000 0.00624950530986
9.30500000000000 0.00615329328832
9.31500000000000 0.00592666052649
9.32500000000000 0.00608915194063
9.33500000000000 0.00598652578433
9.34500000000000 0.00563588641696
9.35500000000000 0.00565085273142
9.36500000000000 0.00552043199112
9.37500000000000 0.00530021336406
9.38500000000000 0.00528738509452
9.39500000000000 0.00545629064343
9.40500000000000 0.00522965788160
9.41500000000000 0.00520400134252
9.42500000000000 0.00491322723300
9.43500000000000 0.00485550002008
9.44500000000000 0.00474859777393
9.45500000000000 0.00468445642624
9.46500000000000 0.00455189764101
9.47500000000000 0.00445996170933
9.48500000000000 0.00433595510379
9.49500000000000 0.00421408654318
9.50500000000000 0.00408794189273
9.51500000000000 0.00413925497088
9.52500000000000 0.00389765589458
9.53500000000000 0.00389124175981
9.54500000000000 0.00375440688474
9.55500000000000 0.00363467636906
9.56500000000000 0.00356839697645
9.57500000000000 0.00329686527123
9.58500000000000 0.00329900331615
9.59500000000000 0.00321348151923
9.60500000000000 0.00301250529647
9.61500000000000 0.00278587253464
9.62500000000000 0.00261910503064
9.63500000000000 0.00242668098758
9.64500000000000 0.00239033422389
9.65500000000000 0.00217439168667
9.66500000000000 0.00188575562206
9.67500000000000 0.00160353369223
9.68500000000000 0.00123578996548
9.69500000000000 0.00063927543197
