0.00500000000000 0.00000000000000
0.01500000000000 0.00000000000000
0.02500000000000 0.00000000000000
0.03500000000000 0.00000000000000
0.04500000000000 0.00000000000000
0.05500000000000 0.00004076208562
0.06500000000000 0.00086182695318
0.07500000000000 0.00545047316338
0.08500000000000 0.01831382275515
0.09500000000000 0.04443649648477
0.10500000000000 0.09449233763049
0.11500000000000 0.14220727043041
0.12500000000000 0.19210588638873
0.13500000000000 0.24436870331322
0.14500000000000 0.30211110917653
0.15500000000000 0.35864229878131
0.16500000000000 0.41991353662861
0.17500000000000 0.48653043084768
0.18500000000000 0.54355076547994
0.19500000000000 0.59995966882785
0.20500000000000 0.64592765510105
0.21500000000000 0.67977765563386
0.22500000000000 0.71552018157063
0.23500000000000 0.74544537557341
0.24500000000000 0.77627315861500
0.25500000000000 0.80340906133011
0.26500000000000 0.81939944520472
0.27500000000000 0.84095094218940
0.28500000000000 0.85223039359696
0.29500000000000 0.85595138969887
0.30500000000000 0.85421608948233
0.31500000000000 0.85402392536439
0.32500000000000 0.85015735038524
0.33500000000000 0.84508538230265
0.34500000000000 0.83821988245263
0.35500000000000 0.83116804163976
0.36500000000000 0.82486738783337
0.37500000000000 0.81965566402864
0.38500000000000 0.80748526989246
0.39500000000000 0.79978123570961
0.40500000000000 0.79145412393223
0.41500000000000 0.77611593342760
0.42500000000000 0.76417846549498
0.43500000000000 0.75578729901162
0.44500000000000 0.74458354862023
0.45500000000000 0.73535967095913
0.46500000000000 0.72495951597003
0.47500000000000 0.70688444257353
0.48500000000000 0.70150967042631
0.49500000000000 0.69232073169574
0.50500000000000 0.67892165183577
0.51500000000000 0.88715767782125
0.52500000000000 0.65291544120794
0.53500000000000 0.64245123151287
0.54500000000000 0.63352433476131
0.55500000000000 0.62438780442654
0.56500000000000 0.62002626126482
0.57500000000000 0.61077909098337
0.58500000000000 0.60217829091679
0.59500000000000 0.58718948971750
0.60500000000000 0.58300264120845
0.61500000000000 0.57466970627598
0.62500000000000 0.56406574085877
0.63500000000000 0.55620448148851
0.64500000000000 0.55145861009091
0.65500000000000 0.53921251493858
0.66500000000000 0.53727340429391
0.67500000000000 0.52869007369261
0.68500000000000 0.52060171127388
0.69500000000000 0.50978811227346
0.70500000000000 0.50872247489216
0.71500000000000 0.49973734658971
0.72500000000000 0.49269132893192
0.73500000000000 0.49054840785914
0.74500000000000 0.48552884817235
0.75500000000000 0.47550137510896
0.76500000000000 0.46964328108934
0.77500000000000 0.46372113236375
0.78500000000000 0.45719919866398
0.79500000000000 0.45183024967185
0.80500000000000 0.44626913656178
0.81500000000000 0.44080701708822
0.82500000000000 0.43590392050322
0.83500000000000 0.43422102868248
0.84500000000000 0.42677321332354
0.85500000000000 0.42117133812785
0.86500000000000 0.41562187132795
0.87500000000000 0.41068965896750
0.88500000000000 0.40499461329038
0.89500000000000 0.40206556628058
0.90500000000000 0.39816405237089
0.91500000000000 0.39262623188118
0.92500000000000 0.39055318866947
0.93500000000000 0.38588301828803
0.94500000000000 0.37808581362375
0.95500000000000 0.37737538870289
0.96500000000000 0.37313613179803
0.97500000000000 0.37212290281253
0.98500000000000 0.36827379729865
0.99500000000000 0.36048823894455
1.00500000000000 0.35508435102188
1.01500000000000 0.35540462455178
1.02500000000000 0.34915637914120
1.03500000000000 0.34836443004909
1.04500000000000 0.34682711710557
1.05500000000000 0.34316435255454
1.06500000000000 0.33692775345414
1.07500000000000 0.33714321019243
1.08500000000000 0.33116865307104
1.09500000000000 0.33070280066391
1.10500000000000 0.32667900049736
1.11500000000000 0.32308029065230
1.12500000000000 0.32008718893652
1.13500000000000 0.31293053133204
1.14500000000000 0.31086331127542
1.15500000000000 0.30973361918814
1.16500000000000 0.30804490421230
1.17500000000000 0.30593692207005
1.18500000000000 0.30438796281636
1.19500000000000 0.29811060163033
1.20500000000000 0.29668392863351
1.21500000000000 0.29300951777230
1.22500000000000 0.28937004584162
1.23500000000000 0.28835099370103
1.24500000000000 0.28386716428244
1.25500000000000 0.28310433096577
1.26500000000000 0.28033250914337
1.27500000000000 0.27547017464399
1.28500000000000 0.27524307159552
1.29500000000000 0.27095722944995
1.30500000000000 0.26865708318977
1.31500000000000 0.26803982875033
1.32500000000000 0.26712559340134
1.33500000000000 0.26214097264509
1.34500000000000 0.25825692820067
1.35500000000000 0.25804147146238
1.36500000000000 0.25435541429099
1.37500000000000 0.25688266359965
1.38500000000000 0.25091975278843
1.39500000000000 0.24888164850725
1.40500000000000 0.24516647556043
1.41500000000000 0.24511406716462
1.42500000000000 0.24517812187060
1.43500000000000 0.24134066266690
1.44500000000000 0.24068846929692
1.45500000000000 0.23726445410454
1.46500000000000 0.23540686763112
1.47500000000000 0.23391613992832
1.48500000000000 0.23188968195732
1.49500000000000 0.22924596954688
1.50500000000000 0.23030578377309
1.51500000000000 0.22733015152257
1.52500000000000 0.22352180809431
1.53500000000000 0.22173409948197
1.54500000000000 0.22044718220728
1.55500000000000 0.22035401172585
1.56500000000000 0.21782093926210
1.57500000000000 0.21485113016667
1.58500000000000 0.21417564417634
1.59500000000000 0.21319735412138
1.60500000000000 0.21122912770127
1.61500000000000 0.20920266973027
1.62500000000000 0.20977916208409
1.63500000000000 0.20594752603547
1.64500000000000 0.20679188352339
1.65500000000000 0.20213335945212
1.66500000000000 0.19842983281547
1.67500000000000 0.19906455672018
1.68500000000000 0.19826096131789
1.69500000000000 0.19803385826941
1.70500000000000 0.19617044864091
1.71500000000000 0.19377130874421
1.72500000000000 0.19205347799293
1.73500000000000 0.19012601365844
1.74500000000000 0.18791903787968
1.75500000000000 0.18722025926899
1.76500000000000 0.18542090434647
1.77500000000000 0.18406410921071
1.78500000000000 0.18398258503946
1.79500000000000 0.18238704054506
1.80500000000000 0.17981902915077
1.81500000000000 0.18023829631719
1.82500000000000 0.17720443251578
1.83500000000000 0.17623196561590
1.84500000000000 0.17549824807468
1.85500000000000 0.17228968962059
1.86500000000000 0.17255173159960
1.87500000000000 0.17274389571754
1.88500000000000 0.17072908405672
1.89500000000000 0.16754964137808
1.90500000000000 0.16814942635226
1.91500000000000 0.16341520126484
1.92500000000000 0.16640247982553
1.93500000000000 0.16386358420669
1.94500000000000 0.16283288575593
1.95500000000000 0.16163913896267
1.96500000000000 0.16228550917755
1.97500000000000 0.16085883618073
1.98500000000000 0.15848298890439
1.99500000000000 0.15957191890604
2.00500000000000 0.15852375099001
2.01500000000000 0.15485516328389
2.02500000000000 0.15684668232435
2.03500000000000 0.15409815312231
2.04500000000000 0.15118075242268
2.05500000000000 0.15257830964406
2.06500000000000 0.14989965830309
2.07500000000000 0.14750634156147
2.08500000000000 0.14932898910436
2.09500000000000 0.14648146626579
2.10500000000000 0.14690655658730
2.11500000000000 0.14496744594263
2.12500000000000 0.14519454899111
2.13500000000000 0.14261489128664
2.14500000000000 0.14280123224950
2.15500000000000 0.14260906813155
2.16500000000000 0.14112416358384
2.17500000000000 0.13992459363549
2.18500000000000 0.13927240026552
2.19500000000000 0.13667527309578
2.20500000000000 0.13711200972747
2.21500000000000 0.13699554662568
2.22500000000000 0.13474198560621
2.23500000000000 0.13396168282427
2.24500000000000 0.13266311923941
2.25500000000000 0.13291933806332
2.26500000000000 0.12926821982248
2.27500000000000 0.13354823881294
2.28500000000000 0.12814435089028
2.29500000000000 0.13078224014563
2.30500000000000 0.12742227965924
2.31500000000000 0.12863931907286
2.32500000000000 0.12606548452348
2.33500000000000 0.12589078987081
2.34500000000000 0.12572774152831
2.35500000000000 0.12484844510987
2.36500000000000 0.12320049221965
2.37500000000000 0.12359064361062
2.38500000000000 0.12204750751201
2.39500000000000 0.12241436628263
2.40500000000000 0.12021321365895
2.41500000000000 0.11907187526150
2.42500000000000 0.11780825060716
2.43500000000000 0.11931062462015
2.44500000000000 0.11736569082039
2.45500000000000 0.11700465520488
2.46500000000000 0.11526935498832
2.47500000000000 0.11519365397217
2.48500000000000 0.11557798220805
2.49500000000000 0.11526935498833
2.50500000000000 0.11493161199316
2.51500000000000 0.11236942375397
2.52500000000000 0.11298085503832
2.53500000000000 0.11168811460855
2.54500000000000 0.11114073803017
2.55500000000000 0.11084958027572
2.56500000000000 0.11115820749544
2.57500000000000 0.10916668845497
2.58500000000000 0.10691312743550
2.59500000000000 0.10688983481514
2.60500000000000 0.10651132973435
2.61500000000000 0.10543986919796
2.62500000000000 0.10549227759377
2.63500000000000 0.10411218983765
2.64500000000000 0.10476438320763
2.65500000000000 0.10302908299108
2.66500000000000 0.10392584887480
2.67500000000000 0.10342505753714
2.68500000000000 0.10229536544986
2.69500000000000 0.10166064154515
2.70500000000000 0.10125884384400
2.71500000000000 0.09820168742223
2.72500000000000 0.10018738330761
2.73500000000000 0.09890046603292
2.74500000000000 0.09902275228980
2.75500000000000 0.09855689988267
2.76500000000000 0.09605294319437
2.77500000000000 0.09684489228648
2.78500000000000 0.09563367602795
2.79500000000000 0.09612282105543
2.80500000000000 0.09457386180174
2.81500000000000 0.09487666586637
2.82500000000000 0.09415459463532
2.83500000000000 0.09465538597299
2.84500000000000 0.09428852720237
2.85500000000000 0.09277450687922
2.86500000000000 0.09303654885822
2.87500000000000 0.09120225500516
2.88500000000000 0.08976393569816
2.89500000000000 0.09152835169015
2.90500000000000 0.08936213799701
2.91500000000000 0.09022978810529
2.92500000000000 0.08853524997436
2.93500000000000 0.08876817617793
2.94500000000000 0.08834890901151
2.95500000000000 0.08793546500019
2.96500000000000 0.08741138104217
2.97500000000000 0.08643309098721
2.98500000000000 0.08552467879331
2.99500000000000 0.08598470804535
3.00500000000000 0.08665437088059
3.01500000000000 0.08367873863007
3.02500000000000 0.08495400959458
3.03500000000000 0.08446486456710
3.04500000000000 0.08471526023593
3.05500000000000 0.08257816231824
3.06500000000000 0.08169304274469
3.07500000000000 0.08002762038922
3.08500000000000 0.08005091300958
3.09500000000000 0.07998685830359
3.10500000000000 0.08066234429393
3.11500000000000 0.07863588632293
3.12500000000000 0.08028383921314
3.13500000000000 0.07946859750067
3.14500000000000 0.07865917894329
3.15500000000000 0.07748872477038
3.16500000000000 0.07814091814036
3.17500000000000 0.07701122605307
3.18500000000000 0.07685982402076
3.19500000000000 0.07620180749569
3.20500000000000 0.07641144107890
3.21500000000000 0.07536909631795
3.22500000000000 0.07326111417571
3.23500000000000 0.07492653653118
3.24500000000000 0.07493235968628
3.25500000000000 0.07415788005942
3.26500000000000 0.07302818797215
3.27500000000000 0.07416370321451
3.28500000000000 0.07163063075077
3.29500000000000 0.07230611674110
3.30500000000000 0.07181697171362
3.31500000000000 0.07334263834695
3.32500000000000 0.07054170074911
3.33500000000000 0.07095514476043
3.34500000000000 0.07041941449224
3.35500000000000 0.07063487123053
3.36500000000000 0.07085032796883
3.37500000000000 0.06964493486539
3.38500000000000 0.06908008882175
3.39500000000000 0.06891121732417
3.40500000000000 0.06864917534516
3.41500000000000 0.06820079240330
3.42500000000000 0.06711186240164
3.43500000000000 0.06634320592988
3.44500000000000 0.06722832550342
3.45500000000000 0.06690805197352
3.46500000000000 0.06571430518026
3.47500000000000 0.06606369448561
3.48500000000000 0.06453802785227
3.49500000000000 0.06608116395087
3.50500000000000 0.06682652780227
3.51500000000000 0.06443321106067
3.52500000000000 0.06521933699769
3.53500000000000 0.06297159913331
3.54500000000000 0.06498058763904
3.55500000000000 0.06314047063089
3.56500000000000 0.06307641592491
3.57500000000000 0.06174873656460
3.58500000000000 0.06181861442567
3.59500000000000 0.06234852153877
3.60500000000000 0.06115477474551
3.61500000000000 0.06146340196523
3.62500000000000 0.06200495538852
3.63500000000000 0.06057245923660
3.64500000000000 0.05973392490378
3.65500000000000 0.06070056864856
3.66500000000000 0.06001925950314
3.67500000000000 0.06011242998457
3.68500000000000 0.05926224934156
3.69500000000000 0.05736972393761
3.70500000000000 0.05804520992794
3.71500000000000 0.05827813613151
3.72500000000000 0.05837130661293
3.73500000000000 0.05826648982133
3.74500000000000 0.05789380789563
3.75500000000000 0.05770164377769
3.76500000000000 0.05607698350784
3.77500000000000 0.05742213233341
3.78500000000000 0.05424851280987
3.79500000000000 0.05628661709104
3.80500000000000 0.05510451660796
3.81500000000000 0.05501716928162
3.82500000000000 0.05619344660962
3.83500000000000 0.05474930414753
3.84500000000000 0.05552960692946
3.85500000000000 0.05371860569676
3.86500000000000 0.05439409168709
3.87500000000000 0.05357302681953
3.88500000000000 0.05328186906508
3.89500000000000 0.05251321259332
3.90500000000000 0.05334010061597
3.91500000000000 0.05264132200528
3.92500000000000 0.05329351537525
3.93500000000000 0.05299071131062
3.94500000000000 0.05184354975807
3.95500000000000 0.05177367189701
3.96500000000000 0.05083032077257
3.97500000000000 0.05048093146723
3.98500000000000 0.05082449761748
3.99500000000000 0.05142428259166
4.00500000000000 0.04875727756086
4.01500000000000 0.05130199633479
4.02500000000000 0.04926971520870
4.03500000000000 0.04899602691952
4.04500000000000 0.04940364777575
4.05500000000000 0.04912995948656
4.06500000000000 0.04823901675793
4.07500000000000 0.04788962745259
4.08500000000000 0.04847194296150
4.09500000000000 0.04844282718605
4.10500000000000 0.04877474702613
4.11500000000000 0.04756935392269
4.12500000000000 0.04609027253006
4.13500000000000 0.04730731194368
4.14500000000000 0.04585734632650
4.15500000000000 0.04709185520539
4.16500000000000 0.04680069745093
4.17500000000000 0.04574670637981
4.18500000000000 0.04603786413426
4.19500000000000 0.04571176744927
4.20500000000000 0.04551960333133
4.21500000000000 0.04449472803566
4.22500000000000 0.04365037054774
4.23500000000000 0.04590393156721
4.24500000000000 0.04466359953324
4.25500000000000 0.04348149905016
4.26500000000000 0.04446561226021
4.27500000000000 0.04357466953158
4.28500000000000 0.04310881712446
4.29500000000000 0.04386000413095
4.30500000000000 0.04365619370283
4.31500000000000 0.04285842145563
4.32500000000000 0.04282930568018
4.33500000000000 0.04302146979812
4.34500000000000 0.04212470391440
4.35500000000000 0.04171708305817
4.36500000000000 0.04213635022458
4.37500000000000 0.04175202198870
4.38500000000000 0.04056992150562
4.39500000000000 0.04133857797737
4.40500000000000 0.04007495332305
4.41500000000000 0.04016230064938
4.42500000000000 0.04137351690791
4.43500000000000 0.04036028792241
4.44500000000000 0.04009242278831
4.45500000000000 0.03949846096923
4.46500000000000 0.03958580829556
4.47500000000000 0.03843864674301
4.48500000000000 0.03934123578182
4.49500000000000 0.03924806530040
4.50500000000000 0.03902096225192
4.51500000000000 0.03912577904352
4.52500000000000 0.03813584267838
4.53500000000000 0.03829306786579
4.54500000000000 0.03854928668971
4.55500000000000 0.03821154369454
4.56500000000000 0.03651118240853
4.57500000000000 0.03758846610001
4.58500000000000 0.03793203225026
4.59500000000000 0.03708185160726
4.60500000000000 0.03524173459911
4.61500000000000 0.03575417224695
4.62500000000000 0.03601039107087
4.63500000000000 0.03615596994809
4.64500000000000 0.03636560353130
4.65500000000000 0.03552124604339
4.66500000000000 0.03457207176387
4.67500000000000 0.03476423588180
4.68500000000000 0.03506121679134
4.69500000000000 0.03531161246018
4.70500000000000 0.03527085037455
4.71500000000000 0.03459536438422
4.72500000000000 0.03421685930343
4.73500000000000 0.03324439240356
4.74500000000000 0.03401304887531
4.75500000000000 0.03347731860712
4.76500000000000 0.03352390384783
4.77500000000000 0.03283094839223
4.78500000000000 0.03295323464910
4.79500000000000 0.03306387459579
4.80500000000000 0.03319780716284
4.81500000000000 0.03235927283002
4.82500000000000 0.03230104127912
4.83500000000000 0.03297652726946
4.84500000000000 0.03219040133243
4.85500000000000 0.03207393823065
4.86500000000000 0.03194000566360
4.87500000000000 0.03058903368293
4.88500000000000 0.03177113416602
4.89500000000000 0.03103159346970
4.90500000000000 0.03125869651818
4.91500000000000 0.03075208202543
4.92500000000000 0.03026293699795
4.93500000000000 0.03037940009973
4.94500000000000 0.02963985940341
4.95500000000000 0.02977961512555
4.96500000000000 0.03032699170393
4.97500000000000 0.02991937084769
4.98500000000000 0.02983202352135
4.99500000000000 0.03021635175723
5.00500000000000 0.02899348918853
5.01500000000000 0.02950010368127
5.02500000000000 0.02915653753102
5.03500000000000 0.02876056298496
5.04500000000000 0.02729312790252
5.05500000000000 0.02855092940175
5.06500000000000 0.02725236581689
5.07500000000000 0.02812583908025
5.08500000000000 0.02824812533712
5.09500000000000 0.02798608335811
5.10500000000000 0.02713007956002
5.11500000000000 0.02647788619004
5.12500000000000 0.02679815971994
5.13500000000000 0.02660599560200
5.14500000000000 0.02641965463915
5.15500000000000 0.02719413426600
5.16500000000000 0.02614596634997
5.17500000000000 0.02622749052121
5.18500000000000 0.02636724624335
5.19500000000000 0.02570340656320
5.20500000000000 0.02536566356803
5.21500000000000 0.02496386586688
5.22500000000000 0.02590139383622
5.23500000000000 0.02560441292668
5.24500000000000 0.02494639640162
5.25500000000000 0.02450965976994
5.26500000000000 0.02471929335314
5.27500000000000 0.02371771067782
5.28500000000000 0.02513856051956
5.29500000000000 0.02382835062451
5.30500000000000 0.02391569795085
5.31500000000000 0.02367112543711
5.32500000000000 0.02323438880543
5.33500000000000 0.02377011907362
5.34500000000000 0.02334502875212
5.35500000000000 0.02247155548876
5.36500000000000 0.02364783281675
5.37500000000000 0.02304222468749
5.38500000000000 0.02312374885873
5.39500000000000 0.02223862928519
5.40500000000000 0.02244243971331
5.41500000000000 0.02234344607680
5.42500000000000 0.02223280613011
5.43500000000000 0.02094588885542
5.44500000000000 0.02148744227870
5.45500000000000 0.02067220056623
5.46500000000000 0.02088765730453
5.47500000000000 0.02092841939015
5.48500000000000 0.02109146773265
5.49500000000000 0.02011900083277
5.50500000000000 0.01984531254358
5.51500000000000 0.02032281126089
5.52500000000000 0.01962403265020
5.53500000000000 0.01953086216877
5.54500000000000 0.01918729601852
5.55500000000000 0.01960656318493
5.56500000000000 0.01819735965337
5.57500000000000 0.01875055938684
5.58500000000000 0.01904171714129
5.59500000000000 0.01896019297004
5.60500000000000 0.01821482911864
5.61500000000000 0.01824976804918
5.62500000000000 0.01808089655159
5.63500000000000 0.01799937238034
5.64500000000000 0.01731224007983
5.65500000000000 0.01760922098938
5.66500000000000 0.01712007596189
5.67500000000000 0.01709678334154
5.68500000000000 0.01688714975833
5.69500000000000 0.01629901109433
5.70500000000000 0.01632812686978
5.71500000000000 0.01617090168237
5.72500000000000 0.01628736478415
5.73500000000000 0.01640965104103
5.74500000000000 0.01622331007818
5.75500000000000 0.01552453146749
5.76500000000000 0.01579239660158
5.77500000000000 0.01557693986329
5.78500000000000 0.01519261162741
5.79500000000000 0.01455788772270
5.80500000000000 0.01497715488911
5.81500000000000 0.01414444371137
5.82500000000000 0.01480246023644
5.83500000000000 0.01403380376468
5.84500000000000 0.01419685210717
5.85500000000000 0.01357959766773
5.86500000000000 0.01345148825577
5.87500000000000 0.01381252387130
5.88500000000000 0.01293905060793
5.89500000000000 0.01313121472587
5.90500000000000 0.01273524017982
5.91500000000000 0.01239749718465
5.92500000000000 0.01265371600857
5.93500000000000 0.01254889921697
5.94500000000000 0.01186759007154
5.95500000000000 0.01165795648834
5.96500000000000 0.01165795648834
5.97500000000000 0.01132603664826
5.98500000000000 0.01112222622014
5.99500000000000 0.01080195269024
6.00500000000000 0.01106399466925
6.01500000000000 0.01076119060462
6.02500000000000 0.01034192343821
6.03500000000000 0.01044091707472
6.04500000000000 0.01019634456098
6.05500000000000 0.00960820589698
6.06500000000000 0.00941604177904
6.07500000000000 0.00910159140423
6.08500000000000 0.00935198707306
6.09500000000000 0.00875220209889
6.10500000000000 0.00846686749952
6.11500000000000 0.00837952017319
6.12500000000000 0.00800683824748
6.13500000000000 0.00790784461097
6.14500000000000 0.00734882172242
6.15500000000000 0.00684220722967
6.16500000000000 0.00728476701644
6.17500000000000 0.00685967669494
6.18500000000000 0.00673739043806
6.19500000000000 0.00650446423450
6.20500000000000 0.00602114236211
6.21500000000000 0.00579403931363
6.22500000000000 0.00526995535562
6.23500000000000 0.00494385867063
6.24500000000000 0.00476334086287
6.25500000000000 0.00433825054136
6.26500000000000 0.00409367802762
6.27500000000000 0.00335996048640
6.28500000000000 0.00250977984339
6.29500000000000 0.00126362465433
6.30500000000000 0.00000582315509
