0.00000000000000 0.00000000000000
0.01000000000000 0.00000000000000
0.02000000000000 0.00000000000000
0.03000000000000 0.00000000000000
0.04000000000000 0.00000000000000
0.05000000000000 0.00007228119118
0.06000000000000 0.00097178045921
0.07000000000000 0.00574233907717
0.08000000000000 0.02010220239183
0.09000000000000 0.04783408607501
0.10000000000000 0.09701742105207
0.11000000000000 0.14689947421055
0.12000000000000 0.19990568107675
0.13000000000000 0.25383548094138
0.14000000000000 0.31550739950585
0.15000000000000 0.37754072402624
0.16000000000000 0.44611951197025
0.17000000000000 0.51460995623615
0.18000000000000 0.58430508702173
0.19000000000000 0.64416194456322
0.20000000000000 0.69483105958123
0.21000000000000 0.73477846457402
0.22000000000000 0.77506318179234
0.23000000000000 0.80861771698733
0.24000000000000 0.84152172146170
0.25000000000000 0.86550301444692
0.26000000000000 0.89659998914176
0.27000000000000 0.91397959999910
0.28000000000000 0.92155306258620
0.29000000000000 0.92964855599849
0.30000000000000 0.92876511921738
0.31000000000000 0.92373756080856
0.32000000000000 0.91943281431155
0.33000000000000 0.91514413030146
0.34000000000000 0.91412416238146
0.35000000000000 0.90257523427941
0.36000000000000 0.89403802247656
0.37000000000000 0.88725162174899
0.38000000000000 0.87424100733638
0.39000000000000 0.86192107986172
0.40000000000000 0.84601921780186
0.41000000000000 0.83812450547619
0.42000000000000 0.82890463797885
0.43000000000000 0.80982240350702
0.44000000000000 0.79584803987866
0.45000000000000 0.78500586120148
0.46000000000000 0.77279837113532
0.47000000000000 0.75591669737279
0.48000000000000 0.74536364346033
0.49000000000000 0.73974980427860
0.50000000000000 0.72554253458976
0.51000000000000 0.91345756917390
0.52000000000000 0.69679068298658
0.53000000000000 0.68504097379791
0.54000000000000 0.67362857683474
0.55000000000000 0.66849661226088
0.56000000000000 0.65436965500669
0.57000000000000 0.64547103724795
0.58000000000000 0.63580142011659
0.59000000000000 0.62510380382178
0.60000000000000 0.61591606129830
0.61000000000000 0.60733066203467
0.62000000000000 0.59600660874962
0.63000000000000 0.58926839548284
0.64000000000000 0.58196799517354
0.65000000000000 0.57360747072692
0.66000000000000 0.56123132454801
0.67000000000000 0.55672579696438
0.68000000000000 0.54810024148343
0.69000000000000 0.54065527879177
0.70000000000000 0.53157997367680
0.71000000000000 0.52488994787080
0.72000000000000 0.52012742049631
0.73000000000000 0.51168658361504
0.74000000000000 0.50774324307394
0.75000000000000 0.49603369010258
0.76000000000000 0.49182531852715
0.77000000000000 0.48758482197785
0.78000000000000 0.47950539105249
0.79000000000000 0.47034977350287
0.80000000000000 0.46631005804019
0.81000000000000 0.46161178061341
0.82000000000000 0.45689744069971
0.83000000000000 0.45122738281372
0.84000000000000 0.44363785773969
0.85000000000000 0.43927689253843
0.86000000000000 0.43205680466377
0.87000000000000 0.42873990111291
0.88000000000000 0.42688468387259
0.89000000000000 0.41905422149463
0.90000000000000 0.41540000571824
0.91000000000000 0.40791488680926
0.92000000000000 0.40507985786627
0.93000000000000 0.39932145630216
0.94000000000000 0.39677555212389
0.95000000000000 0.39118580667255
0.96000000000000 0.38696137261018
0.97000000000000 0.38319471942530
0.98000000000000 0.37918712893647
0.99000000000000 0.37127635412387
1.00000000000000 0.36791929435567
1.01000000000000 0.36535732769047
1.02000000000000 0.35884398924070
1.03000000000000 0.35776780261645
1.04000000000000 0.35432239917015
1.05000000000000 0.35031480868132
1.06000000000000 0.34773677952920
1.07000000000000 0.34389784515313
1.08000000000000 0.34175350314809
1.09000000000000 0.33635650753989
1.10000000000000 0.33341707243186
1.11000000000000 0.33003591893327
1.12000000000000 0.33022866877642
1.13000000000000 0.32438995477767
1.14000000000000 0.32089636387058
1.15000000000000 0.31290527662334
1.16000000000000 0.31319440138806
1.17000000000000 0.30975702918522
1.18000000000000 0.30534787652317
1.19000000000000 0.30299472218804
1.20000000000000 0.30038456806206
1.21000000000000 0.29713191445890
1.22000000000000 0.29383910463843
1.23000000000000 0.29440932292441
1.24000000000000 0.28914082721165
1.25000000000000 0.28779960955307
1.26000000000000 0.28260339503149
1.27000000000000 0.28216970788440
1.28000000000000 0.27906161666361
1.29000000000000 0.27436333923683
1.30000000000000 0.27495765125321
1.31000000000000 0.26951246818423
1.32000000000000 0.27021118636565
1.33000000000000 0.26687822032785
1.34000000000000 0.26545669023462
1.35000000000000 0.26105556881603
1.36000000000000 0.25913610162800
1.37000000000000 0.25867028950705
1.38000000000000 0.25430129306232
1.39000000000000 0.25204451364878
1.40000000000000 0.24564361260752
1.41000000000000 0.24870351636751
1.42000000000000 0.24512158178231
1.43000000000000 0.24276842744719
1.44000000000000 0.24435861365318
1.45000000000000 0.23811030623774
1.46000000000000 0.23812636872467
1.47000000000000 0.23709836956120
1.48000000000000 0.23555637081600
1.49000000000000 0.23011921899049
1.50000000000000 0.22989434417348
1.51000000000000 0.22469009840843
1.52000000000000 0.22301156852434
1.53000000000000 0.22348541188875
1.54000000000000 0.21929310280024
1.55000000000000 0.21537385598952
1.56000000000000 0.21804826006323
1.57000000000000 0.21514898117252
1.58000000000000 0.21663476121346
1.59000000000000 0.21423341941755
1.60000000000000 0.21131807803991
1.61000000000000 0.20666798807392
1.62000000000000 0.20843486163613
1.63000000000000 0.20528661419802
1.64000000000000 0.20164846090856
1.65000000000000 0.20001811848526
1.66000000000000 0.19760874544589
1.67000000000000 0.19972899372053
1.68000000000000 0.19535196603234
1.69000000000000 0.19491827888525
1.70000000000000 0.19298274921029
1.71000000000000 0.19136846927391
1.72000000000000 0.18985056425910
1.73000000000000 0.18910365861690
1.74000000000000 0.18669428557752
1.75000000000000 0.18652562946477
1.76000000000000 0.18524063051044
1.77000000000000 0.18573856760524
1.78000000000000 0.18308825726193
1.79000000000000 0.18120894629122
1.80000000000000 0.17696041849846
1.81000000000000 0.17999622852807
1.82000000000000 0.17707285590696
1.83000000000000 0.17581195068302
1.84000000000000 0.17355517126948
1.85000000000000 0.17207742247200
1.86000000000000 0.16858383156491
1.87000000000000 0.17145901672522
1.88000000000000 0.16886492508617
1.89000000000000 0.16730686385404
1.90000000000000 0.16657602069876
1.91000000000000 0.16358036688648
1.92000000000000 0.16216686803671
1.93000000000000 0.16154043104647
1.94000000000000 0.16117902509057
1.95000000000000 0.16080155664773
1.96000000000000 0.15884996448584
1.97000000000000 0.15481828026662
1.98000000000000 0.15690640356741
1.99000000000000 0.15494678016206
2.00000000000000 0.15538849855261
2.01000000000000 0.14827281684300
2.02000000000000 0.15394287472898
2.03000000000000 0.14926065978914
2.04000000000000 0.14921247232835
2.05000000000000 0.14922853481528
2.06000000000000 0.14657019322851
2.07000000000000 0.14489166334441
2.08000000000000 0.14614453732489
2.09000000000000 0.14391988288519
2.10000000000000 0.14277141506976
2.11000000000000 0.14250638403543
2.12000000000000 0.14072344798630
2.13000000000000 0.14154263481968
2.14000000000000 0.13706923220992
2.15000000000000 0.13731016951385
2.16000000000000 0.13669979501054
2.17000000000000 0.13784826282597
2.18000000000000 0.13478032782251
2.19000000000000 0.13493292144833
2.20000000000000 0.13314195415574
2.21000000000000 0.13363989125054
2.22000000000000 0.13124658069810
2.23000000000000 0.13286086063447
2.24000000000000 0.13014630034345
2.25000000000000 0.13009811288266
2.26000000000000 0.12671695938408
2.27000000000000 0.12819470818155
2.28000000000000 0.12507055447384
2.29000000000000 0.12698199041840
2.30000000000000 0.12368918059793
2.31000000000000 0.12518299188234
2.32000000000000 0.12326352469430
2.33000000000000 0.12168940097525
2.34000000000000 0.12066943305525
2.35000000000000 0.11994662114344
2.36000000000000 0.11978599627414
2.37000000000000 0.11962537140486
2.38000000000000 0.11870980964989
2.39000000000000 0.11757740432139
2.40000000000000 0.11760149805178
2.41000000000000 0.11501543765619
2.42000000000000 0.11605146806312
2.43000000000000 0.11369831372800
2.44000000000000 0.11378665740610
2.45000000000000 0.11288715813808
2.46000000000000 0.11330478279823
2.47000000000000 0.11059022250721
2.48000000000000 0.11071872240264
2.49000000000000 0.10936144225713
2.50000000000000 0.11108815960201
2.51000000000000 0.10696813170469
2.52000000000000 0.10930522355287
2.53000000000000 0.10668703818342
2.54000000000000 0.10663081947917
2.55000000000000 0.10472741477807
2.56000000000000 0.10383594675350
2.57000000000000 0.10495228959507
2.58000000000000 0.10283204132043
2.59000000000000 0.10153901112263
2.60000000000000 0.10378775929271
2.61000000000000 0.10083226169774
2.62000000000000 0.10099288656704
2.63000000000000 0.09910554435286
2.64000000000000 0.10130610506216
2.65000000000000 0.09884051331853
2.66000000000000 0.09877626337082
2.67000000000000 0.09702545229554
2.68000000000000 0.09483292282971
2.69000000000000 0.09608579681018
2.70000000000000 0.09557982847192
2.71000000000000 0.09561998468924
2.72000000000000 0.09462411049963
2.73000000000000 0.09463214174309
2.74000000000000 0.09417436086562
2.75000000000000 0.09521039127254
2.76000000000000 0.09091367601900
2.77000000000000 0.09299376807632
2.78000000000000 0.08905042753522
2.79000000000000 0.09096989472325
2.80000000000000 0.08854445919695
2.81000000000000 0.08986158312514
2.82000000000000 0.08795817842403
2.83000000000000 0.08790999096325
2.84000000000000 0.08709080412986
2.85000000000000 0.08662499200891
2.86000000000000 0.08658483579159
2.87000000000000 0.08660089827852
2.88000000000000 0.08582989890592
2.89000000000000 0.08593430507096
2.90000000000000 0.08370161938781
2.91000000000000 0.08330005721458
2.92000000000000 0.08501071207253
2.93000000000000 0.08187852712135
2.94000000000000 0.08260133903316
2.95000000000000 0.08076218427977
2.96000000000000 0.08296274498906
2.97000000000000 0.08187049587789
2.98000000000000 0.08066580935820
2.99000000000000 0.07966993516859
3.00000000000000 0.08104327780103
3.01000000000000 0.07794321782371
3.02000000000000 0.07945309159504
3.03000000000000 0.07792715533678
3.04000000000000 0.07904349817835
3.05000000000000 0.07497165774182
3.06000000000000 0.07663412513898
3.07000000000000 0.07512425136764
3.08000000000000 0.07469859546402
3.09000000000000 0.07588721949677
3.10000000000000 0.07569446965363
3.11000000000000 0.07521259504575
3.12000000000000 0.07371075251788
3.13000000000000 0.07395168982181
3.14000000000000 0.07209647258150
3.15000000000000 0.07179128532984
3.16000000000000 0.07318069044921
3.17000000000000 0.07131744196543
3.18000000000000 0.07048219264512
3.19000000000000 0.07049825513204
3.20000000000000 0.07037778648008
3.21000000000000 0.06979150570716
3.22000000000000 0.06890003768260
3.23000000000000 0.06980756819409
3.24000000000000 0.06824950696197
3.25000000000000 0.06883578773488
3.26000000000000 0.06747047634590
3.27000000000000 0.06885988146527
3.28000000000000 0.06645853966936
3.29000000000000 0.06681191438180
3.30000000000000 0.06472379108102
3.31000000000000 0.06747047634590
3.32000000000000 0.06450694750747
3.33000000000000 0.06558313413173
3.34000000000000 0.06483622848952
3.35000000000000 0.06409735409078
3.36000000000000 0.06341469839629
3.37000000000000 0.06287660508416
3.38000000000000 0.06372791689141
3.39000000000000 0.06391263549109
3.40000000000000 0.06285251135377
3.41000000000000 0.06192891835534
3.42000000000000 0.06208954322463
3.43000000000000 0.06088485670495
3.44000000000000 0.06082060675723
3.45000000000000 0.06149523120826
3.46000000000000 0.06059573194022
3.47000000000000 0.06064391940101
3.48000000000000 0.05968017018526
3.49000000000000 0.05993716997613
3.50000000000000 0.05871642096951
3.51000000000000 0.05794542159691
3.52000000000000 0.05904570195156
3.53000000000000 0.05784904667534
3.54000000000000 0.05784904667534
3.55000000000000 0.05691742243345
3.56000000000000 0.05768842180605
3.57000000000000 0.05656404772101
3.58000000000000 0.05653995399061
3.59000000000000 0.05613839181738
3.60000000000000 0.05517464260164
3.61000000000000 0.05578501710494
3.62000000000000 0.05642751658211
3.63000000000000 0.05392176862116
3.64000000000000 0.05352823769140
3.65000000000000 0.05430726830746
3.66000000000000 0.05315880049203
3.67000000000000 0.05372098753455
3.68000000000000 0.05343186276982
3.69000000000000 0.05205048889391
3.70000000000000 0.05338367530904
3.71000000000000 0.05179348910305
3.72000000000000 0.05139995817329
3.73000000000000 0.05152845806872
3.74000000000000 0.05145617687754
3.75000000000000 0.05170514542494
3.76000000000000 0.05014708419281
3.77000000000000 0.05035589652289
3.78000000000000 0.04924758492478
3.79000000000000 0.04944836601139
3.80000000000000 0.04802683591816
3.81000000000000 0.04976961574997
3.82000000000000 0.04820352327438
3.83000000000000 0.04784211731848
3.84000000000000 0.04816336705706
3.85000000000000 0.04759314877108
3.86000000000000 0.04670971198997
3.87000000000000 0.04744055514525
3.88000000000000 0.04662939955533
3.89000000000000 0.04669364950304
3.90000000000000 0.04672577447690
3.91000000000000 0.04620374365170
3.92000000000000 0.04518377573170
3.93000000000000 0.04470993236729
3.94000000000000 0.04528015065328
3.95000000000000 0.04424412024635
3.96000000000000 0.04528818189674
3.97000000000000 0.04438868262871
3.98000000000000 0.04448505755028
3.99000000000000 0.04413168283784
4.00000000000000 0.04356949579532
4.01000000000000 0.04314383989170
4.02000000000000 0.04279849642272
4.03000000000000 0.04189096591123
4.04000000000000 0.04264590279690
4.05000000000000 0.04226843435406
4.06000000000000 0.04147334125107
4.07000000000000 0.04144121627721
4.08000000000000 0.04079871680005
4.09000000000000 0.04191505964162
4.10000000000000 0.04054171700918
4.11000000000000 0.04058187322650
4.12000000000000 0.04019637354020
4.13000000000000 0.04077462306965
4.14000000000000 0.03928081178524
4.15000000000000 0.03963418649768
4.16000000000000 0.03880696842083
4.17000000000000 0.03898365577705
4.18000000000000 0.03846162495185
4.19000000000000 0.03829296883910
4.20000000000000 0.03716056351059
4.21000000000000 0.03798778158744
4.22000000000000 0.03841343749106
4.23000000000000 0.03720071972792
4.24000000000000 0.03690356371973
4.25000000000000 0.03719268848445
4.26000000000000 0.03805203153516
4.27000000000000 0.03630122045988
4.28000000000000 0.03638956413799
4.29000000000000 0.03522503383563
4.30000000000000 0.03637350165106
4.31000000000000 0.03521700259216
4.32000000000000 0.03530534627028
4.33000000000000 0.03508047145327
4.34000000000000 0.03558643979153
4.35000000000000 0.03436569078492
4.36000000000000 0.03372319130775
4.37000000000000 0.03378744125547
4.38000000000000 0.03334572286492
4.39000000000000 0.03324934794334
4.40000000000000 0.03341800405610
4.41000000000000 0.03273534836161
4.42000000000000 0.03287187950051
4.43000000000000 0.03168325546775
4.44000000000000 0.03132988075531
4.45000000000000 0.03239803613610
4.46000000000000 0.03170734919815
4.47000000000000 0.03084800614743
4.48000000000000 0.03117728712948
4.49000000000000 0.03086406863436
4.50000000000000 0.03019747542681
4.51000000000000 0.03125759956413
4.52000000000000 0.02991638190554
4.53000000000000 0.02944253854113
4.54000000000000 0.02851894554271
4.55000000000000 0.02962725714082
4.56000000000000 0.02810132088255
4.57000000000000 0.02909719507216
4.58000000000000 0.02825391450838
4.59000000000000 0.02904900761137
4.60000000000000 0.02736244648381
4.61000000000000 0.02817360207373
4.62000000000000 0.02902491388098
4.63000000000000 0.02747488389231
4.64000000000000 0.02760338378774
4.65000000000000 0.02781219611783
4.66000000000000 0.02772385243972
4.67000000000000 0.02655932213735
4.68000000000000 0.02610957250333
4.69000000000000 0.02696891555405
4.70000000000000 0.02647900970271
4.71000000000000 0.02602122882523
4.72000000000000 0.02617382245105
4.73000000000000 0.02495307344444
4.74000000000000 0.02588469768633
4.75000000000000 0.02516991701798
4.76000000000000 0.02539479183499
4.77000000000000 0.02407766790680
4.78000000000000 0.02374035568129
4.79000000000000 0.02393310552444
4.80000000000000 0.02378051189861
4.81000000000000 0.02309785620412
4.82000000000000 0.02402144920255
4.83000000000000 0.02309785620412
4.84000000000000 0.02327454356034
4.85000000000000 0.02205379455373
4.86000000000000 0.02167632611089
4.87000000000000 0.02187710719750
4.88000000000000 0.02202970082333
4.89000000000000 0.02175663854553
4.90000000000000 0.02105792036412
4.91000000000000 0.01986929633136
4.92000000000000 0.02032707720884
4.93000000000000 0.01988535881829
4.94000000000000 0.02054392078238
4.95000000000000 0.01954001534931
4.96000000000000 0.02040738964349
4.97000000000000 0.01925892182805
4.98000000000000 0.01936332799309
4.99000000000000 0.01900192203719
5.00000000000000 0.01855217240317
5.01000000000000 0.01868067229860
5.02000000000000 0.01784542297829
5.03000000000000 0.01756432945703
5.04000000000000 0.01820682893419
5.05000000000000 0.01848792245545
5.06000000000000 0.01718686101419
5.07000000000000 0.01695395495372
5.08000000000000 0.01711457982301
5.09000000000000 0.01649617407624
5.10000000000000 0.01627933050270
5.11000000000000 0.01627933050270
5.12000000000000 0.01558061232128
5.13000000000000 0.01604642444222
5.14000000000000 0.01519511263498
5.15000000000000 0.01518708139151
5.16000000000000 0.01480961294868
5.17000000000000 0.01488992538332
5.18000000000000 0.01459276937513
5.19000000000000 0.01388601995025
5.20000000000000 0.01321139549923
5.21000000000000 0.01337202036852
5.22000000000000 0.01323548922962
5.23000000000000 0.01309092684726
5.24000000000000 0.01223961504001
5.25000000000000 0.01203883395340
5.26000000000000 0.01238417742237
5.27000000000000 0.01203883395340
5.28000000000000 0.01175774043214
5.29000000000000 0.01141239696316
5.30000000000000 0.01133208452852
5.31000000000000 0.01108311598111
5.32000000000000 0.01093855359875
5.33000000000000 0.01015149173922
5.34000000000000 0.00947686728820
5.35000000000000 0.00943671107088
5.36000000000000 0.00902711765418
5.37000000000000 0.00879421159371
5.38000000000000 0.00827218076851
5.39000000000000 0.00812761838615
5.40000000000000 0.00785455610836
5.41000000000000 0.00746102517859
5.42000000000000 0.00647318223245
5.43000000000000 0.00621618244158
5.44000000000000 0.00585477648568
5.45000000000000 0.00552549550363
5.46000000000000 0.00484283980914
5.47000000000000 0.00419230908851
5.48000000000000 0.00331690355087
5.49000000000000 0.00163034242331
5.50000000000000 0.00000000000000
